s1-eth3: 565444543  392268    0    0    0     0          0         0    15550     156    0    0    0     0       0          0
s2-eth3:    1368      16    0    0    0     0          0         0     4326      30    0    0    0     0       0          0
s3-eth3:    1172      14    0    0    0     0          0         0     4130      28    0    0    0     0       0          0
s4-eth3:   12220     138    0    0    0     0          0         0 565193689  392106    0    0    0     0       0          0
s5-eth1:    5228      71    0    0    0     0          0         0    15024     191    0    0    0     0       0          0
s1-eth1:   15024     191    0    0    0     0          0         0     5228      71    0    0    0     0       0          0
s6-eth1: 565419935  392307    0    0    0     0          0         0     3807      64    0    0    0     0       0          0
s1-eth2:    3807      64    0    0    0     0          0         0 565419935  392307    0    0    0     0       0          0
s5-eth2:    3800      65    0    0    0     0          0         0     5228      71    0    0    0     0       0          0
s2-eth1:    5228      71    0    0    0     0          0         0     3800      65    0    0    0     0       0          0
s6-eth2:    5228      71    0    0    0     0          0         0     5424      73    0    0    0     0       0          0
s2-eth2:    5424      73    0    0    0     0          0         0     5228      71    0    0    0     0       0          0
s7-eth1:    3807      64    0    0    0     0          0         0     5228      71    0    0    0     0       0          0
s3-eth1:    5228      71    0    0    0     0          0         0     3807      64    0    0    0     0       0          0
s8-eth1:    3807      64    0    0    0     0          0         0     5228      71    0    0    0     0       0          0
s3-eth2:    5228      71    0    0    0     0          0         0     3807      64    0    0    0     0       0          0
s7-eth2:   16452     197    0    0    0     0          0         0     3807      64    0    0    0     0       0          0
s4-eth1:    3807      64    0    0    0     0          0         0    16452     197    0    0    0     0       0          0
s8-eth2:    5228      71    0    0    0     0          0         0 565310237  392230    0    0    0     0       0          0
s4-eth2: 565310237  392230    0    0    0     0          0         0     5228      71    0    0    0     0       0          0
s9-eth1:    5228      71    0    0    0     0          0         0     5228      71    0    0    0     0       0          0
s5-eth3:    5228      71    0    0    0     0          0         0     5228      71    0    0    0     0       0          0
s10-eth1:    5228      71    0    0    0     0          0         0    16496     197    0    0    0     0       0          0
s5-eth4:   16496     197    0    0    0     0          0         0     5228      71    0    0    0     0       0          0
s9-eth2:    3807      64    0    0    0     0          0         0     5228      71    0    0    0     0       0          0
s6-eth3:    5228      71    0    0    0     0          0         0     3807      64    0    0    0     0       0          0
s10-eth2: 565386573  392282    0    0    0     0          0         0     5272      71    0    0    0     0       0          0
s6-eth4:    5272      71    0    0    0     0          0         0 565386573  392282    0    0    0     0       0          0
s9-eth3:    5361      72    0    0    0     0          0         0     5228      71    0    0    0     0       0          0
s7-eth3:    5228      71    0    0    0     0          0         0     5361      72    0    0    0     0       0          0
s10-eth3:   16452     197    0    0    0     0          0         0     5272      71    0    0    0     0       0          0
s7-eth4:    5272      71    0    0    0     0          0         0    16452     197    0    0    0     0       0          0
s9-eth4:    5298      72    0    0    0     0          0         0     5228      71    0    0    0     0       0          0
s8-eth3:    5228      71    0    0    0     0          0         0     5298      72    0    0    0     0       0          0
s10-eth4:    5228      71    0    0    0     0          0         0 565340494  392244    0    0    0     0       0          0
s8-eth4: 565340494  392244    0    0    0     0          0         0     5228      71    0    0    0     0       0          0
