s1-eth3: 842956422 4728193    0    0    0     0          0         0    46946     508    0    0    0     0       0          0
s2-eth3:    1438      17    0    0    0     0          0         0     4599      32    0    0    0     0       0          0
s3-eth3:    1242      15    0    0    0     0          0         0     4403      30    0    0    0     0       0          0
s4-eth3:   43413     489    0    0    0     0          0         0 796813995 4010973    0    0    0     0       0          0
s5-eth1:    6716     118    0    0    0     0          0         0    47432     587    0    0    0     0       0          0
s1-eth1:   47432     587    0    0    0     0          0         0     6716     118    0    0    0     0       0          0
s6-eth1: 801714160 4084230    0    0    0     0          0         0     5092     110    0    0    0     0       0          0
s1-eth2:    5092     110    0    0    0     0          0         0 801714160 4084230    0    0    0     0       0          0
s5-eth2:    5085     111    0    0    0     0          0         0     6716     118    0    0    0     0       0          0
s2-eth1:    6716     118    0    0    0     0          0         0     5085     111    0    0    0     0       0          0
s6-eth2:    6716     118    0    0    0     0          0         0     6912     120    0    0    0     0       0          0
s2-eth2:    6912     120    0    0    0     0          0         0     6716     118    0    0    0     0       0          0
s7-eth1:    5092     110    0    0    0     0          0         0     6716     118    0    0    0     0       0          0
s3-eth1:    6716     118    0    0    0     0          0         0     5092     110    0    0    0     0       0          0
s8-eth1:    5092     110    0    0    0     0          0         0     6716     118    0    0    0     0       0          0
s3-eth2:    6716     118    0    0    0     0          0         0     5092     110    0    0    0     0       0          0
s7-eth2:   49063     594    0    0    0     0          0         0     5092     110    0    0    0     0       0          0
s4-eth1:    5092     110    0    0    0     0          0         0    49063     594    0    0    0     0       0          0
s8-eth2:    6716     118    0    0    0     0          0         0 798020782 4028158    0    0    0     0       0          0
s4-eth2: 798020782 4028158    0    0    0     0          0         0     6716     118    0    0    0     0       0          0
s9-eth1:    6716     118    0    0    0     0          0         0     6716     118    0    0    0     0       0          0
s5-eth3:    6716     118    0    0    0     0          0         0     6716     118    0    0    0     0       0          0
s10-eth1:    6716     118    0    0    0     0          0         0    49152     594    0    0    0     0       0          0
s5-eth4:   49152     594    0    0    0     0          0         0     6716     118    0    0    0     0       0          0
s9-eth2:    5092     110    0    0    0     0          0         0     6786     119    0    0    0     0       0          0
s6-eth3:    6786     119    0    0    0     0          0         0     5092     110    0    0    0     0       0          0
s10-eth2: 800359262 4063556    0    0    0     0          0         0     6805     118    0    0    0     0       0          0
s6-eth4:    6805     118    0    0    0     0          0         0 800359262 4063556    0    0    0     0       0          0
s9-eth3:    6849     119    0    0    0     0          0         0     6716     118    0    0    0     0       0          0
s7-eth3:    6716     118    0    0    0     0          0         0     6849     119    0    0    0     0       0          0
s10-eth3:   49063     594    0    0    0     0          0         0     6805     118    0    0    0     0       0          0
s7-eth4:    6805     118    0    0    0     0          0         0    49063     594    0    0    0     0       0          0
s9-eth4:    6786     119    0    0    0     0          0         0     6716     118    0    0    0     0       0          0
s8-eth3:    6716     118    0    0    0     0          0         0     6786     119    0    0    0     0       0          0
s10-eth4:    6716     118    0    0    0     0          0         0 799206337 4046225    0    0    0     0       0          0
s8-eth4: 799206337 4046225    0    0    0     0          0         0     6716     118    0    0    0     0       0          0
