s1-eth3: 4513386936 8127754    0    0    0     0          0         0    51975     564    0    0    0     0       0          0
s2-eth3:    1262      15    0    0    0     0          0         0     4599      32    0    0    0     0       0          0
s3-eth3:    1136      14    0    0    0     0          0         0     4403      30    0    0    0     0       0          0
s4-eth3:   48492     546    0    0    0     0          0         0 3803693923 6816247    0    0    0     0       0          0
s5-eth1:    6689     117    0    0    0     0          0         0    54326     652    0    0    0     0       0          0
s1-eth1:   54326     652    0    0    0     0          0         0     6689     117    0    0    0     0       0          0
s6-eth1: 3863932053 6915778    0    0    0     0          0         0     6689     117    0    0    0     0       0          0
s1-eth2:    6689     117    0    0    0     0          0         0 3863932053 6915778    0    0    0     0       0          0
s5-eth2:    6885     119    0    0    0     0          0         0     6689     117    0    0    0     0       0          0
s2-eth1:    6689     117    0    0    0     0          0         0     6885     119    0    0    0     0       0          0
s6-eth2:    6591     117    0    0    0     0          0         0     6885     119    0    0    0     0       0          0
s2-eth2:    6885     119    0    0    0     0          0         0     6591     117    0    0    0     0       0          0
s7-eth1:    6689     117    0    0    0     0          0         0     6689     117    0    0    0     0       0          0
s3-eth1:    6689     117    0    0    0     0          0         0     6689     117    0    0    0     0       0          0
s8-eth1:    6689     117    0    0    0     0          0         0     6689     117    0    0    0     0       0          0
s3-eth2:    6689     117    0    0    0     0          0         0     6689     117    0    0    0     0       0          0
s7-eth2:   54025     649    0    0    0     0          0         0     5065     109    0    0    0     0       0          0
s4-eth1:    5065     109    0    0    0     0          0         0    54025     649    0    0    0     0       0          0
s8-eth2:    6689     117    0    0    0     0          0         0 3817630801 6839167    0    0    0     0       0          0
s4-eth2: 3817630801 6839167    0    0    0     0          0         0     6689     117    0    0    0     0       0          0
s9-eth1:    6689     117    0    0    0     0          0         0     6689     117    0    0    0     0       0          0
s5-eth3:    6689     117    0    0    0     0          0         0     6689     117    0    0    0     0       0          0
s10-eth1:    6689     117    0    0    0     0          0         0    52489     641    0    0    0     0       0          0
s5-eth4:   52489     641    0    0    0     0          0         0     6689     117    0    0    0     0       0          0
s9-eth2:    6689     117    0    0    0     0          0         0     6689     117    0    0    0     0       0          0
s6-eth3:    6689     117    0    0    0     0          0         0     6689     117    0    0    0     0       0          0
s10-eth2: 3847471697 6888461    0    0    0     0          0         0     6777     117    0    0    0     0       0          0
s6-eth4:    6777     117    0    0    0     0          0         0 3847471697 6888461    0    0    0     0       0          0
s9-eth3:    6689     117    0    0    0     0          0         0     5065     109    0    0    0     0       0          0
s7-eth3:    5065     109    0    0    0     0          0         0     6689     117    0    0    0     0       0          0
s10-eth3:   54025     649    0    0    0     0          0         0     6777     117    0    0    0     0       0          0
s7-eth4:    6777     117    0    0    0     0          0         0    54025     649    0    0    0     0       0          0
s9-eth4:    4862     108    0    0    0     0          0         0     6689     117    0    0    0     0       0          0
s8-eth3:    6689     117    0    0    0     0          0         0     4862     108    0    0    0     0       0          0
s10-eth4:    6689     117    0    0    0     0          0         0 3833412585 6864941    0    0    0     0       0          0
s8-eth4: 3833412585 6864941    0    0    0     0          0         0     6689     117    0    0    0     0       0          0
