s1-eth3: 4259434712 4159893    0    0    0     0          0         0    29564     312    0    0    0     0       0          0
s2-eth3:    1262      15    0    0    0     0          0         0     4529      31    0    0    0     0       0          0
s3-eth3:    1066      13    0    0    0     0          0         0     4403      30    0    0    0     0       0          0
s4-eth3:   26081     294    0    0    0     0          0         0 3591961865 3508076    0    0    0     0       0          0
s5-eth1:    5798      84    0    0    0     0          0         0    31024     367    0    0    0     0       0          0
s1-eth1:   31024     367    0    0    0     0          0         0     5798      84    0    0    0     0       0          0
s6-eth1: 3649426170 3564247    0    0    0     0          0         0     5798      84    0    0    0     0       0          0
s1-eth2:    5798      84    0    0    0     0          0         0 3649426170 3564247    0    0    0     0       0          0
s5-eth2:    5994      86    0    0    0     0          0         0     5798      84    0    0    0     0       0          0
s2-eth1:    5798      84    0    0    0     0          0         0     5994      86    0    0    0     0       0          0
s6-eth2:    5700      84    0    0    0     0          0         0     5924      85    0    0    0     0       0          0
s2-eth2:    5924      85    0    0    0     0          0         0     5700      84    0    0    0     0       0          0
s7-eth1:    5798      84    0    0    0     0          0         0     5798      84    0    0    0     0       0          0
s3-eth1:    5798      84    0    0    0     0          0         0     5798      84    0    0    0     0       0          0
s8-eth1:    5798      84    0    0    0     0          0         0     5798      84    0    0    0     0       0          0
s3-eth2:    5798      84    0    0    0     0          0         0     5798      84    0    0    0     0       0          0
s7-eth2:   30723     364    0    0    0     0          0         0     4174      76    0    0    0     0       0          0
s4-eth1:    4174      76    0    0    0     0          0         0    30723     364    0    0    0     0       0          0
s8-eth2:    5798      84    0    0    0     0          0         0 3605268092 3521123    0    0    0     0       0          0
s4-eth2: 3605268092 3521123    0    0    0     0          0         0     5798      84    0    0    0     0       0          0
s9-eth1:    5798      84    0    0    0     0          0         0     5728      83    0    0    0     0       0          0
s5-eth3:    5728      83    0    0    0     0          0         0     5798      84    0    0    0     0       0          0
s10-eth1:    5798      84    0    0    0     0          0         0    29084     355    0    0    0     0       0          0
s5-eth4:   29084     355    0    0    0     0          0         0     5798      84    0    0    0     0       0          0
s9-eth2:    5728      83    0    0    0     0          0         0     5728      83    0    0    0     0       0          0
s6-eth3:    5728      83    0    0    0     0          0         0     5728      83    0    0    0     0       0          0
s10-eth2: 3633733244 3548921    0    0    0     0          0         0     5853      84    0    0    0     0       0          0
s6-eth4:    5853      84    0    0    0     0          0         0 3633733244 3548921    0    0    0     0       0          0
s9-eth3:    5728      83    0    0    0     0          0         0     4104      75    0    0    0     0       0          0
s7-eth3:    4104      75    0    0    0     0          0         0     5728      83    0    0    0     0       0          0
s10-eth3:   30723     364    0    0    0     0          0         0     5853      84    0    0    0     0       0          0
s7-eth4:    5853      84    0    0    0     0          0         0    30723     364    0    0    0     0       0          0
s9-eth4:    3971      75    0    0    0     0          0         0     5798      84    0    0    0     0       0          0
s8-eth3:    5798      84    0    0    0     0          0         0     3971      75    0    0    0     0       0          0
s10-eth4:    5798      84    0    0    0     0          0         0 3620342451 3535844    0    0    0     0       0          0
s8-eth4: 3620342451 3535844    0    0    0     0          0         0     5798      84    0    0    0     0       0          0
