s1-eth3: 3712712888 7375886    0    0    0     0          0         0    50013     562    0    0    0     0       0          0
s2-eth3:    1262      15    0    0    0     0          0         0      196       2    0    0    0     0       0          0
s3-eth3:    1156      14    0    0    0     0          0         0        0       0    0    0    0     0       0          0
s4-eth3:   50969     574    0    0    0     0          0         0 2953226541 5993812    0    0    0     0       0          0
s5-eth1:    2538      94    0   94    0     0          0         0    52551     656    0    0    0     0       0          0
s1-eth1:   52551     656    0   94    0     0          0         0     2538      94    0    0    0     0       0          0
s6-eth1: 3083175966 6226575    0   94    0     0          0         0     2538      94    0    0    0     0       0          0
s1-eth2:    2538      94    0   94    0     0          0         0 3083175966 6226575    0    0    0     0       0          0
s5-eth2:    2734      96    0   94    0     0          0         0     2538      94    0    0    0     0       0          0
s2-eth1:    2538      94    0   94    0     0          0         0     2734      96    0    0    0     0       0          0
s6-eth2:    2538      94    0   94    0     0          0         0     2734      96    0    0    0     0       0          0
s2-eth2:    2734      96    0   94    0     0          0         0     2538      94    0    0    0     0       0          0
s7-eth1:    2538      94    0   94    0     0          0         0     2538      94    0    0    0     0       0          0
s3-eth1:    2538      94    0   94    0     0          0         0     2538      94    0    0    0     0       0          0
s8-eth1:    2538      94    0   94    0     0          0         0     2538      94    0    0    0     0       0          0
s3-eth2:    2538      94    0   94    0     0          0         0     2538      94    0    0    0     0       0          0
s7-eth2:   52355     654    0   94    0     0          0         0     2538      94    0    0    0     0       0          0
s4-eth1:    2538      94    0   94    0     0          0         0    52355     654    0    0    0     0       0          0
s8-eth2:    2538      94    0   94    0     0          0         0 2981390871 6045089    0    0    0     0       0          0
s4-eth2: 2981390871 6045089    0   94    0     0          0         0     2538      94    0    0    0     0       0          0
s9-eth1:    2538      94    0   94    0     0          0         0     2538      94    0    0    0     0       0          0
s5-eth3:    2538      94    0   94    0     0          0         0     2538      94    0    0    0     0       0          0
s10-eth1:    2538      94    0   94    0     0          0         0    52449     654    0    0    0     0       0          0
s5-eth4:   52449     654    0   94    0     0          0         0     2538      94    0    0    0     0       0          0
s9-eth2:    2538      94    0   94    0     0          0         0     2538      94    0    0    0     0       0          0
s6-eth3:    2538      94    0   94    0     0          0         0     2538      94    0    0    0     0       0          0
s10-eth2: 3049020186 6164957    0   94    0     0          0         0     2632      94    0    0    0     0       0          0
s6-eth4:    2632      94    0   94    0     0          0         0 3049020186 6164957    0    0    0     0       0          0
s9-eth3:    2538      94    0   94    0     0          0         0     2538      94    0    0    0     0       0          0
s7-eth3:    2538      94    0   94    0     0          0         0     2538      94    0    0    0     0       0          0
s10-eth3:   52355     654    0   94    0     0          0         0     2632      94    0    0    0     0       0          0
s7-eth4:    2632      94    0   94    0     0          0         0    52355     654    0    0    0     0       0          0
s9-eth4:    2538      94    0   94    0     0          0         0     2538      94    0    0    0     0       0          0
s8-eth3:    2538      94    0   94    0     0          0         0     2538      94    0    0    0     0       0          0
s10-eth4:    2538      94    0   94    0     0          0         0 3015517941 6105568    0    0    0     0       0          0
s8-eth4: 3015517941 6105568    0   94    0     0          0         0     2538      94    0    0    0     0       0          0
