s1-eth3: 3456706235 3375956    0    0    0     0          0         0    22617     254    0    0    0     0       0          0
s2-eth3:    1192      14    0    0    0     0          0         0      196       2    0    0    0     0       0          0
s3-eth3:    1086      13    0    0    0     0          0         0        0       0    0    0    0     0       0          0
s4-eth3:   23573     266    0    0    0     0          0         0 2740936051 2676947    0    0    0     0       0          0
s5-eth1:    1431      53    0   53    0     0          0         0    24048     307    0    0    0     0       0          0
s1-eth1:   24048     307    0   53    0     0          0         0     1431      53    0    0    0     0       0          0
s6-eth1: 2863664078 2796852    0   53    0     0          0         0     1431      53    0    0    0     0       0          0
s1-eth2:    1431      53    0   53    0     0          0         0 2863664078 2796852    0    0    0     0       0          0
s5-eth2:    1627      55    0   53    0     0          0         0     1431      53    0    0    0     0       0          0
s2-eth1:    1431      53    0   53    0     0          0         0     1627      55    0    0    0     0       0          0
s6-eth2:    1431      53    0   53    0     0          0         0     1627      55    0    0    0     0       0          0
s2-eth2:    1627      55    0   53    0     0          0         0     1431      53    0    0    0     0       0          0
s7-eth1:    1431      53    0   53    0     0          0         0     1431      53    0    0    0     0       0          0
s3-eth1:    1431      53    0   53    0     0          0         0     1431      53    0    0    0     0       0          0
s8-eth1:    1431      53    0   53    0     0          0         0     1431      53    0    0    0     0       0          0
s3-eth2:    1431      53    0   53    0     0          0         0     1431      53    0    0    0     0       0          0
s7-eth2:   23852     305    0   53    0     0          0         0     1431      53    0    0    0     0       0          0
s4-eth1:    1431      53    0   53    0     0          0         0    23852     305    0    0    0     0       0          0
s8-eth2:    1431      53    0   53    0     0          0         0 2767482634 2702923    0    0    0     0       0          0
s4-eth2: 2767482634 2702923    0   53    0     0          0         0     1431      53    0    0    0     0       0          0
s9-eth1:    1431      53    0   53    0     0          0         0     1431      53    0    0    0     0       0          0
s5-eth3:    1431      53    0   53    0     0          0         0     1431      53    0    0    0     0       0          0
s10-eth1:    1431      53    0   53    0     0          0         0    23905     305    0    0    0     0       0          0
s5-eth4:   23905     305    0   53    0     0          0         0     1431      53    0    0    0     0       0          0
s9-eth2:    1431      53    0   53    0     0          0         0     1431      53    0    0    0     0       0          0
s6-eth3:    1431      53    0   53    0     0          0         0     1431      53    0    0    0     0       0          0
s10-eth2: 2831437578 2765379    0   53    0     0          0         0     1484      53    0    0    0     0       0          0
s6-eth4:    1484      53    0   53    0     0          0         0 2831437578 2765379    0    0    0     0       0          0
s9-eth3:    1431      53    0   53    0     0          0         0     1431      53    0    0    0     0       0          0
s7-eth3:    1431      53    0   53    0     0          0         0     1431      53    0    0    0     0       0          0
s10-eth3:   23852     305    0   53    0     0          0         0     1484      53    0    0    0     0       0          0
s7-eth4:    1484      53    0   53    0     0          0         0    23852     305    0    0    0     0       0          0
s9-eth4:    1431      53    0   53    0     0          0         0     1431      53    0    0    0     0       0          0
s8-eth3:    1431      53    0   53    0     0          0         0     1431      53    0    0    0     0       0          0
s10-eth4:    1431      53    0   53    0     0          0         0 2799756095 2734440    0    0    0     0       0          0
s8-eth4: 2799756095 2734440    0   53    0     0          0         0     1431      53    0    0    0     0       0          0
