s1-eth3: 36994877214 42246532    0    0    0     0          0         0 53041263204 35050675    0    0    0     0       0          0
s1-eth4: 53469454317 35316794    0    0    0     0          0         0 1158278640 17375523    0    0    0     0       0          0
s1-eth5:    2052      26    0    0    0     0          0         0     9237      58    0    0    0     0       0          0
s1-eth6:    1982      25    0    0    0     0          0         0     9272      58    0    0    0     0       0          0
s1-eth7:    1982      25    0    0    0     0          0         0     9167      57    0    0    0     0       0          0
s1-eth8:    1982      25    0    0    0     0          0         0     9167      57    0    0    0     0       0          0
s1-eth9:    1982      25    0    0    0     0          0         0     9237      58    0    0    0     0       0          0
s1-eth10:    1982      25    0    0    0     0          0         0     9167      57    0    0    0     0       0          0
s1-eth11:    2052      26    0    0    0     0          0         0     9237      58    0    0    0     0       0          0
s1-eth12:    1982      25    0    0    0     0          0         0     9167      57    0    0    0     0       0          0
s1-eth13:    2052      26    0    0    0     0          0         0     9237      58    0    0    0     0       0          0
s1-eth14:    2052      26    0    0    0     0          0         0     9167      57    0    0    0     0       0          0
s1-eth15:    1982      25    0    0    0     0          0         0     9167      57    0    0    0     0       0          0
s1-eth16:    1982      25    0    0    0     0          0         0     9167      57    0    0    0     0       0          0
s1-eth17:    1982      25    0    0    0     0          0         0     9237      58    0    0    0     0       0          0
s1-eth18:    1982      25    0    0    0     0          0         0     9167      57    0    0    0     0       0          0
s1-eth19:    1982      25    0    0    0     0          0         0     9237      58    0    0    0     0       0          0
s1-eth20:    1982      25    0    0    0     0          0         0     9237      58    0    0    0     0       0          0
s1-eth21:    2052      26    0    0    0     0          0         0     9272      58    0    0    0     0       0          0
s1-eth22:    2052      26    0    0    0     0          0         0     9237      58    0    0    0     0       0          0
s1-eth23:    1982      25    0    0    0     0          0         0     9167      57    0    0    0     0       0          0
s1-eth24:    1982      25    0    0    0     0          0         0     9237      58    0    0    0     0       0          0
s1-eth25:    2052      26    0    0    0     0          0         0     9167      57    0    0    0     0       0          0
s1-eth26:    1982      25    0    0    0     0          0         0     9167      57    0    0    0     0       0          0
s1-eth27:    1982      25    0    0    0     0          0         0     9167      57    0    0    0     0       0          0
s1-eth28:    1982      25    0    0    0     0          0         0     9167      57    0    0    0     0       0          0
s1-eth29:    1982      25    0    0    0     0          0         0     9167      57    0    0    0     0       0          0
s1-eth30:    1982      25    0    0    0     0          0         0     9167      57    0    0    0     0       0          0
s1-eth31:    1982      25    0    0    0     0          0         0     9167      57    0    0    0     0       0          0
s1-eth32:    1982      25    0    0    0     0          0         0     9167      57    0    0    0     0       0          0
s1-eth33:    2052      26    0    0    0     0          0         0     9237      58    0    0    0     0       0          0
s1-eth34:    2052      26    0    0    0     0          0         0     9237      58    0    0    0     0       0          0
s3-eth3: 1549801   17732    0    0    0     0          0         0 17941038372 12459695    0    0    0     0       0          0
s3-eth4:    1982      25    0    0    0     0          0         0     9237      58    0    0    0     0       0          0
s3-eth5:    2052      26    0    0    0     0          0         0     9167      57    0    0    0     0       0          0
s3-eth6:    1982      25    0    0    0     0          0         0     9167      57    0    0    0     0       0          0
s3-eth7:    1982      25    0    0    0     0          0         0     9327      59    0    0    0     0       0          0
s3-eth8:    1982      25    0    0    0     0          0         0     9167      57    0    0    0     0       0          0
s3-eth9:    2052      26    0    0    0     0          0         0     9167      57    0    0    0     0       0          0
s3-eth10:    2052      26    0    0    0     0          0         0     9167      57    0    0    0     0       0          0
s3-eth11:    1982      25    0    0    0     0          0         0     9167      57    0    0    0     0       0          0
s3-eth12:    1982      25    0    0    0     0          0         0     9167      57    0    0    0     0       0          0
s3-eth13:    1982      25    0    0    0     0          0         0     9167      57    0    0    0     0       0          0
s3-eth14:    2052      26    0    0    0     0          0         0     9167      57    0    0    0     0       0          0
s3-eth15:    1982      25    0    0    0     0          0         0     9167      57    0    0    0     0       0          0
s3-eth16:    1982      25    0    0    0     0          0         0     9167      57    0    0    0     0       0          0
s3-eth17:    1982      25    0    0    0     0          0         0     9167      57    0    0    0     0       0          0
s3-eth18:    1982      25    0    0    0     0          0         0     9167      57    0    0    0     0       0          0
s3-eth19:    1982      25    0    0    0     0          0         0     9167      57    0    0    0     0       0          0
s3-eth20:    1982      25    0    0    0     0          0         0     9237      58    0    0    0     0       0          0
s3-eth21:    1982      25    0    0    0     0          0         0     9077      56    0    0    0     0       0          0
s3-eth22:    1982      25    0    0    0     0          0         0     9237      58    0    0    0     0       0          0
s3-eth23:    2052      26    0    0    0     0          0         0     9237      58    0    0    0     0       0          0
s3-eth24:    1982      25    0    0    0     0          0         0     9237      58    0    0    0     0       0          0
s3-eth25:    2052      26    0    0    0     0          0         0     9167      57    0    0    0     0       0          0
s3-eth26:    1982      25    0    0    0     0          0         0     9167      57    0    0    0     0       0          0
s3-eth27:    1892      24    0    0    0     0          0         0     9237      58    0    0    0     0       0          0
s3-eth28:    2052      26    0    0    0     0          0         0     9167      57    0    0    0     0       0          0
s3-eth29:    2052      26    0    0    0     0          0         0     9237      58    0    0    0     0       0          0
s3-eth30:    1982      25    0    0    0     0          0         0     9167      57    0    0    0     0       0          0
s3-eth31:    1982      25    0    0    0     0          0         0     9167      57    0    0    0     0       0          0
s3-eth32:    1982      25    0    0    0     0          0         0     9167      57    0    0    0     0       0          0
s3-eth33:    1982      25    0    0    0     0          0         0     9237      58    0    0    0     0       0          0
s3-eth34:    1982      25    0    0    0     0          0         0     9167      57    0    0    0     0       0          0
s1-eth1: 1657348   21535    0    0    0     0          0         0 20804358742 14449586    0    0    0     0       0          0
s1-eth2:  111139    3837    0    0    0     0          0         0   111237    3838    0    0    0     0       0          0
s3-eth1: 18361250556 12754870    0    0    0     0          0         0  1657875   21538    0    0    0     0       0          0
s3-eth2:  111034    3836    0    0    0     0          0         0   111104    3837    0    0    0     0       0          0
