s1-eth3: 565444346  392266    0    0    0     0          0         0    15548     156    0    0    0     0       0          0
s2-eth3:    1192      14    0    0    0     0          0         0     4486      32    0    0    0     0       0          0
s3-eth3:     996      12    0    0    0     0          0         0     4130      28    0    0    0     0       0          0
s4-eth3:   12304     139    0    0    0     0          0         0 564919602  391915    0    0    0     0       0          0
s5-eth1:    5228      71    0    0    0     0          0         0    16646     199    0    0    0     0       0          0
s1-eth1:   16646     199    0    0    0     0          0         0     5228      71    0    0    0     0       0          0
s6-eth1: 565354848  392260    0    0    0     0          0         0     5228      71    0    0    0     0       0          0
s1-eth2:    5228      71    0    0    0     0          0         0 565354848  392260    0    0    0     0       0          0
s5-eth2:    5599      75    0    0    0     0          0         0     5228      71    0    0    0     0       0          0
s2-eth1:    5228      71    0    0    0     0          0         0     5599      75    0    0    0     0       0          0
s6-eth2:    5333      72    0    0    0     0          0         0     5424      73    0    0    0     0       0          0
s2-eth2:    5424      73    0    0    0     0          0         0     5333      72    0    0    0     0       0          0
s7-eth1:    5228      71    0    0    0     0          0         0     3604      63    0    0    0     0       0          0
s3-eth1:    3604      63    0    0    0     0          0         0     5228      71    0    0    0     0       0          0
s8-eth1:    5228      71    0    0    0     0          0         0     5228      71    0    0    0     0       0          0
s3-eth2:    5228      71    0    0    0     0          0         0     5228      71    0    0    0     0       0          0
s7-eth2:   16450     197    0    0    0     0          0         0     5228      71    0    0    0     0       0          0
s4-eth1:    5228      71    0    0    0     0          0         0    16450     197    0    0    0     0       0          0
s8-eth2:    5228      71    0    0    0     0          0         0 565012919  392015    0    0    0     0       0          0
s4-eth2: 565012919  392015    0    0    0     0          0         0     5228      71    0    0    0     0       0          0
s9-eth1:    5228      71    0    0    0     0          0         0     5228      71    0    0    0     0       0          0
s5-eth3:    5228      71    0    0    0     0          0         0     5228      71    0    0    0     0       0          0
s10-eth1:    3604      63    0    0    0     0          0         0    16494     197    0    0    0     0       0          0
s5-eth4:   16494     197    0    0    0     0          0         0     3604      63    0    0    0     0       0          0
s9-eth2:    5228      71    0    0    0     0          0         0     5228      71    0    0    0     0       0          0
s6-eth3:    5228      71    0    0    0     0          0         0     5228      71    0    0    0     0       0          0
s10-eth2: 565309950  392227    0    0    0     0          0         0     5174      71    0    0    0     0       0          0
s6-eth4:    5174      71    0    0    0     0          0         0 565309950  392227    0    0    0     0       0          0
s9-eth3:    3807      64    0    0    0     0          0         0     5248      71    0    0    0     0       0          0
s7-eth3:    5248      71    0    0    0     0          0         0     3807      64    0    0    0     0       0          0
s10-eth3:   16450     197    0    0    0     0          0         0     5272      71    0    0    0     0       0          0
s7-eth4:    5272      71    0    0    0     0          0         0    16450     197    0    0    0     0       0          0
s9-eth4:    5228      71    0    0    0     0          0         0     3807      64    0    0    0     0       0          0
s8-eth3:    3807      64    0    0    0     0          0         0     5228      71    0    0    0     0       0          0
s10-eth4:    5248      71    0    0    0     0          0         0 565123976  392098    0    0    0     0       0          0
s8-eth4: 565123976  392098    0    0    0     0          0         0     5248      71    0    0    0     0       0          0
