s1-eth3: 757964412 3400249    0    0    0     0          0         0    38559     415    0    0    0     0       0          0
s2-eth3:    1262      15    0    0    0     0          0         0     4689      33    0    0    0     0       0          0
s3-eth3:    1066      13    0    0    0     0          0         0     4403      30    0    0    0     0       0          0
s4-eth3:   35112     397    0    0    0     0          0         0 694415807 2415148    0    0    0     0       0          0
s5-eth1:    6392     106    0    0    0     0          0         0    40548     491    0    0    0     0       0          0
s1-eth1:   40548     491    0    0    0     0          0         0     6392     106    0    0    0     0       0          0
s6-eth1: 707505384 2613236    0    0    0     0          0         0     6392     106    0    0    0     0       0          0
s1-eth2:    6392     106    0    0    0     0          0         0 707505384 2613236    0    0    0     0       0          0
s5-eth2:    6693     109    0    0    0     0          0         0     6392     106    0    0    0     0       0          0
s2-eth1:    6392     106    0    0    0     0          0         0     6693     109    0    0    0     0       0          0
s6-eth2:    6497     107    0    0    0     0          0         0     6588     108    0    0    0     0       0          0
s2-eth2:    6588     108    0    0    0     0          0         0     6497     107    0    0    0     0       0          0
s7-eth1:    6392     106    0    0    0     0          0         0     4565      97    0    0    0     0       0          0
s3-eth1:    4565      97    0    0    0     0          0         0     6392     106    0    0    0     0       0          0
s8-eth1:    6392     106    0    0    0     0          0         0     6392     106    0    0    0     0       0          0
s3-eth2:    6392     106    0    0    0     0          0         0     6392     106    0    0    0     0       0          0
s7-eth2:   40352     489    0    0    0     0          0         0     6392     106    0    0    0     0       0          0
s4-eth1:    6392     106    0    0    0     0          0         0    40352     489    0    0    0     0       0          0
s8-eth2:    6392     106    0    0    0     0          0         0 696806772 2451170    0    0    0     0       0          0
s4-eth2: 696806772 2451170    0    0    0     0          0         0     6392     106    0    0    0     0       0          0
s9-eth1:    6392     106    0    0    0     0          0         0     6392     106    0    0    0     0       0          0
s5-eth3:    6392     106    0    0    0     0          0         0     6392     106    0    0    0     0       0          0
s10-eth1:    4565      97    0    0    0     0          0         0    40429     489    0    0    0     0       0          0
s5-eth4:   40429     489    0    0    0     0          0         0     4565      97    0    0    0     0       0          0
s9-eth2:    6392     106    0    0    0     0          0         0     6392     106    0    0    0     0       0          0
s6-eth3:    6392     106    0    0    0     0          0         0     6392     106    0    0    0     0       0          0
s10-eth2: 703086726 2544863    0    0    0     0          0         0     6371     106    0    0    0     0       0          0
s6-eth4:    6371     106    0    0    0     0          0         0 703086726 2544863    0    0    0     0       0          0
s9-eth3:    4768      98    0    0    0     0          0         0     6412     106    0    0    0     0       0          0
s7-eth3:    6412     106    0    0    0     0          0         0     4768      98    0    0    0     0       0          0
s10-eth3:   40352     489    0    0    0     0          0         0     6469     106    0    0    0     0       0          0
s7-eth4:    6469     106    0    0    0     0          0         0    40352     489    0    0    0     0       0          0
s9-eth4:    6392     106    0    0    0     0          0         0     4768      98    0    0    0     0       0          0
s8-eth3:    4768      98    0    0    0     0          0         0     6392     106    0    0    0     0       0          0
s10-eth4:    6412     106    0    0    0     0          0         0 699728113 2495161    0    0    0     0       0          0
s8-eth4: 699728113 2495161    0    0    0     0          0         0     6412     106    0    0    0     0       0          0
