s1-eth3: 2310212142 5816301    0    0    0     0          0         0    65899     720    0    0    0     0       0          0
s2-eth3:    1508      18    0    0    0     0          0         0     4872      34    0    0    0     0       0          0
s3-eth3:    1226      15    0    0    0     0          0         0     4676      32    0    0    0     0       0          0
s4-eth3:   62253     701    0    0    0     0          0         0 2269388222 5188036    0    0    0     0       0          0
s5-eth1:    8042     159    0    0    0     0          0         0    67438     838    0    0    0     0       0          0
s1-eth1:   67438     838    0    0    0     0          0         0     8042     159    0    0    0     0       0          0
s6-eth1: 2271651944 5215605    0    0    0     0          0         0     8042     159    0    0    0     0       0          0
s1-eth2:    8042     159    0    0    0     0          0         0 2271651944 5215605    0    0    0     0       0          0
s5-eth2:    8238     161    0    0    0     0          0         0     8042     159    0    0    0     0       0          0
s2-eth1:    8042     159    0    0    0     0          0         0     8238     161    0    0    0     0       0          0
s6-eth2:    8042     159    0    0    0     0          0         0     8238     161    0    0    0     0       0          0
s2-eth2:    8238     161    0    0    0     0          0         0     8042     159    0    0    0     0       0          0
s7-eth1:    8042     159    0    0    0     0          0         0     8175     160    0    0    0     0       0          0
s3-eth1:    8175     160    0    0    0     0          0         0     8042     159    0    0    0     0       0          0
s8-eth1:    8042     159    0    0    0     0          0         0     8042     159    0    0    0     0       0          0
s3-eth2:    8042     159    0    0    0     0          0         0     8042     159    0    0    0     0       0          0
s7-eth2:   68971     845    0    0    0     0          0         0     8042     159    0    0    0     0       0          0
s4-eth1:    8042     159    0    0    0     0          0         0    68971     845    0    0    0     0       0          0
s8-eth2:    8042     159    0    0    0     0          0         0 2269902692 5194634    0    0    0     0       0          0
s4-eth2: 2269902692 5194634    0    0    0     0          0         0     8042     159    0    0    0     0       0          0
s9-eth1:    8042     159    0    0    0     0          0         0     6215     150    0    0    0     0       0          0
s5-eth3:    6215     150    0    0    0     0          0         0     8042     159    0    0    0     0       0          0
s10-eth1:    8042     159    0    0    0     0          0         0    67370     836    0    0    0     0       0          0
s5-eth4:   67370     836    0    0    0     0          0         0     8042     159    0    0    0     0       0          0
s9-eth2:    8042     159    0    0    0     0          0         0     6012     149    0    0    0     0       0          0
s6-eth3:    6012     149    0    0    0     0          0         0     8042     159    0    0    0     0       0          0
s10-eth2: 2271111076 5209255    0    0    0     0          0         0     8170     159    0    0    0     0       0          0
s6-eth4:    8170     159    0    0    0     0          0         0 2271111076 5209255    0    0    0     0       0          0
s9-eth3:    8042     159    0    0    0     0          0         0     8042     159    0    0    0     0       0          0
s7-eth3:    8042     159    0    0    0     0          0         0     8042     159    0    0    0     0       0          0
s10-eth3:   69069     845    0    0    0     0          0         0     8170     159    0    0    0     0       0          0
s7-eth4:    8170     159    0    0    0     0          0         0    69069     845    0    0    0     0       0          0
s9-eth4:    8042     159    0    0    0     0          0         0     8042     159    0    0    0     0       0          0
s8-eth3:    8042     159    0    0    0     0          0         0     8042     159    0    0    0     0       0          0
s10-eth4:    8042     159    0    0    0     0          0         0 2270562084 5203735    0    0    0     0       0          0
s8-eth4: 2270562084 5203735    0    0    0     0          0         0     8042     159    0    0    0     0       0          0
