s1-eth3: 2056260578 1848450    0    0    0     0          0         0    43184     466    0    0    0     0       0          0
s2-eth3:    1508      18    0    0    0     0          0         0     4669      33    0    0    0     0       0          0
s3-eth3:    1156      14    0    0    0     0          0         0     4403      30    0    0    0     0       0          0
s4-eth3:   39741     448    0    0    0     0          0         0 2055605287 1847822    0    0    0     0       0          0
s5-eth1:    6878     124    0    0    0     0          0         0    44105     553    0    0    0     0       0          0
s1-eth1:   44105     553    0    0    0     0          0         0     6878     124    0    0    0     0       0          0
s6-eth1: 2056145558 1848443    0    0    0     0          0         0     6878     124    0    0    0     0       0          0
s1-eth2:    6878     124    0    0    0     0          0         0 2056145558 1848443    0    0    0     0       0          0
s5-eth2:    7074     126    0    0    0     0          0         0     6878     124    0    0    0     0       0          0
s2-eth1:    6878     124    0    0    0     0          0         0     7074     126    0    0    0     0       0          0
s6-eth2:    6948     125    0    0    0     0          0         0     7074     126    0    0    0     0       0          0
s2-eth2:    7074     126    0    0    0     0          0         0     6948     125    0    0    0     0       0          0
s7-eth1:    6878     124    0    0    0     0          0         0     7011     125    0    0    0     0       0          0
s3-eth1:    7011     125    0    0    0     0          0         0     6878     124    0    0    0     0       0          0
s8-eth1:    6878     124    0    0    0     0          0         0     6878     124    0    0    0     0       0          0
s3-eth2:    6878     124    0    0    0     0          0         0     6878     124    0    0    0     0       0          0
s7-eth2:   45365     558    0    0    0     0          0         0     6878     124    0    0    0     0       0          0
s4-eth1:    6878     124    0    0    0     0          0         0    45365     558    0    0    0     0       0          0
s8-eth2:    6878     124    0    0    0     0          0         0 2055711186 1848017    0    0    0     0       0          0
s4-eth2: 2055711186 1848017    0    0    0     0          0         0     6878     124    0    0    0     0       0          0
s9-eth1:    6878     124    0    0    0     0          0         0     5254     116    0    0    0     0       0          0
s5-eth3:    5254     116    0    0    0     0          0         0     6878     124    0    0    0     0       0          0
s10-eth1:    6878     124    0    0    0     0          0         0    43934     550    0    0    0     0       0          0
s5-eth4:   43934     550    0    0    0     0          0         0     6878     124    0    0    0     0       0          0
s9-eth2:    6878     124    0    0    0     0          0         0     5051     115    0    0    0     0       0          0
s6-eth3:    5051     115    0    0    0     0          0         0     6878     124    0    0    0     0       0          0
s10-eth2: 2056002002 1848301    0    0    0     0          0         0     6973     124    0    0    0     0       0          0
s6-eth4:    6973     124    0    0    0     0          0         0 2056002002 1848301    0    0    0     0       0          0
s9-eth3:    6878     124    0    0    0     0          0         0     6878     124    0    0    0     0       0          0
s7-eth3:    6878     124    0    0    0     0          0         0     6878     124    0    0    0     0       0          0
s10-eth3:   45463     558    0    0    0     0          0         0     6973     124    0    0    0     0       0          0
s7-eth4:    6973     124    0    0    0     0          0         0    45463     558    0    0    0     0       0          0
s9-eth4:    6878     124    0    0    0     0          0         0     6878     124    0    0    0     0       0          0
s8-eth3:    6878     124    0    0    0     0          0         0     6878     124    0    0    0     0       0          0
s10-eth4:    6878     124    0    0    0     0          0         0 2055793271 1848098    0    0    0     0       0          0
s8-eth4: 2055793271 1848098    0    0    0     0          0         0     6878     124    0    0    0     0       0          0
