s1-eth3: 4259432008 4159895    0    0    0     0          0         0    29298     310    0    0    0     0       0          0
s2-eth3:    1192      14    0    0    0     0          0         0     4486      32    0    0    0     0       0          0
s3-eth3:    1082      13    0    0    0     0          0         0     4200      29    0    0    0     0       0          0
s4-eth3:   26054     293    0    0    0     0          0         0 3589310754 3505489    0    0    0     0       0          0
s5-eth1:    5487      79    0    0    0     0          0         0    30655     361    0    0    0     0       0          0
s1-eth1:   30655     361    0    0    0     0          0         0     5487      79    0    0    0     0       0          0
s6-eth1: 3652351725 3567103    0    0    0     0          0         0     5417      78    0    0    0     0       0          0
s1-eth2:    5417      78    0    0    0     0          0         0 3652351725 3567103    0    0    0     0       0          0
s5-eth2:    5613      80    0    0    0     0          0         0     5417      78    0    0    0     0       0          0
s2-eth1:    5417      78    0    0    0     0          0         0     5613      80    0    0    0     0       0          0
s6-eth2:    5417      78    0    0    0     0          0         0     5613      80    0    0    0     0       0          0
s2-eth2:    5613      80    0    0    0     0          0         0     5417      78    0    0    0     0       0          0
s7-eth1:    5487      79    0    0    0     0          0         0     5417      79    0    0    0     0       0          0
s3-eth1:    5417      79    0    0    0     0          0         0     5487      79    0    0    0     0       0          0
s8-eth1:    5417      78    0    0    0     0          0         0     5487      79    0    0    0     0       0          0
s3-eth2:    5487      79    0    0    0     0          0         0     5417      78    0    0    0     0       0          0
s7-eth2:   30389     358    0    0    0     0          0         0     5487      79    0    0    0     0       0          0
s4-eth1:    5487      79    0    0    0     0          0         0    30389     358    0    0    0     0       0          0
s8-eth2:    5417      78    0    0    0     0          0         0 3604987433 3520847    0    0    0     0       0          0
s4-eth2: 3604987433 3520847    0    0    0     0          0         0     5417      78    0    0    0     0       0          0
s9-eth1:    5487      79    0    0    0     0          0         0     5417      78    0    0    0     0       0          0
s5-eth3:    5417      78    0    0    0     0          0         0     5487      79    0    0    0     0       0          0
s10-eth1:    4066      72    0    0    0     0          0         0    30440     358    0    0    0     0       0          0
s5-eth4:   30440     358    0    0    0     0          0         0     4066      72    0    0    0     0       0          0
s9-eth2:    5417      78    0    0    0     0          0         0     5487      79    0    0    0     0       0          0
s6-eth3:    5487      79    0    0    0     0          0         0     5417      78    0    0    0     0       0          0
s10-eth2: 3635004015 3550161    0    0    0     0          0         0     4047      71    0    0    0     0       0          0
s6-eth4:    4047      71    0    0    0     0          0         0 3635004015 3550161    0    0    0     0       0          0
s9-eth3:    5417      78    0    0    0     0          0         0     5487      79    0    0    0     0       0          0
s7-eth3:    5487      79    0    0    0     0          0         0     5417      78    0    0    0     0       0          0
s10-eth3:   30389     358    0    0    0     0          0         0     5538      79    0    0    0     0       0          0
s7-eth4:    5538      79    0    0    0     0          0         0    30389     358    0    0    0     0       0          0
s9-eth4:    5417      78    0    0    0     0          0         0     5417      78    0    0    0     0       0          0
s8-eth3:    5417      78    0    0    0     0          0         0     5417      78    0    0    0     0       0          0
s10-eth4:    5417      78    0    0    0     0          0         0 3620651612 3536144    0    0    0     0       0          0
s8-eth4: 3620651612 3536144    0    0    0     0          0         0     5417      78    0    0    0     0       0          0
