s1-eth3: 31593634665 38497640    0    0    0     0          0         0 53040988725 35047588    0    0    0     0       0          0
s1-eth4: 53469454317 35316794    0    0    0     0          0         0 1158278640 17375523    0    0    0     0       0          0
s1-eth5:    1982      25    0    0    0     0          0         0     9237      58    0    0    0     0       0          0
s1-eth6:    1982      25    0    0    0     0          0         0     9272      58    0    0    0     0       0          0
s1-eth7:    1982      25    0    0    0     0          0         0     9167      57    0    0    0     0       0          0
s1-eth8:    1982      25    0    0    0     0          0         0     9167      57    0    0    0     0       0          0
s1-eth9:    1982      25    0    0    0     0          0         0     9167      57    0    0    0     0       0          0
s1-eth10:    1982      25    0    0    0     0          0         0     9167      57    0    0    0     0       0          0
s1-eth11:    2052      26    0    0    0     0          0         0     9167      57    0    0    0     0       0          0
s1-eth12:    1982      25    0    0    0     0          0         0     9167      57    0    0    0     0       0          0
s1-eth13:    1982      25    0    0    0     0          0         0     9237      58    0    0    0     0       0          0
s1-eth14:    2052      26    0    0    0     0          0         0     9167      57    0    0    0     0       0          0
s1-eth15:    1982      25    0    0    0     0          0         0     9167      57    0    0    0     0       0          0
s1-eth16:    1982      25    0    0    0     0          0         0     9167      57    0    0    0     0       0          0
s1-eth17:    1982      25    0    0    0     0          0         0     9167      57    0    0    0     0       0          0
s1-eth18:    1982      25    0    0    0     0          0         0     9167      57    0    0    0     0       0          0
s1-eth19:    1982      25    0    0    0     0          0         0     9237      58    0    0    0     0       0          0
s1-eth20:    1982      25    0    0    0     0          0         0     9237      58    0    0    0     0       0          0
s1-eth21:    1982      25    0    0    0     0          0         0     9272      58    0    0    0     0       0          0
s1-eth22:    2052      26    0    0    0     0          0         0     9167      57    0    0    0     0       0          0
s1-eth23:    1982      25    0    0    0     0          0         0     9167      57    0    0    0     0       0          0
s1-eth24:    1982      25    0    0    0     0          0         0     9237      58    0    0    0     0       0          0
s1-eth25:    2052      26    0    0    0     0          0         0     9167      57    0    0    0     0       0          0
s1-eth26:    1982      25    0    0    0     0          0         0     9167      57    0    0    0     0       0          0
s1-eth27:    1982      25    0    0    0     0          0         0     9167      57    0    0    0     0       0          0
s1-eth28:    1982      25    0    0    0     0          0         0     9167      57    0    0    0     0       0          0
s1-eth29:    1982      25    0    0    0     0          0         0     9167      57    0    0    0     0       0          0
s1-eth30:    1982      25    0    0    0     0          0         0     9167      57    0    0    0     0       0          0
s1-eth31:    1982      25    0    0    0     0          0         0     9167      57    0    0    0     0       0          0
s1-eth32:    1982      25    0    0    0     0          0         0     9167      57    0    0    0     0       0          0
s1-eth33:    1982      25    0    0    0     0          0         0     9237      58    0    0    0     0       0          0
s1-eth34:    1982      25    0    0    0     0          0         0     9237      58    0    0    0     0       0          0
s3-eth3: 1275322   14645    0    0    0     0          0         0 13138360531 9125905    0    0    0     0       0          0
s3-eth4:    1982      25    0    0    0     0          0         0     9237      58    0    0    0     0       0          0
s3-eth5:    1982      25    0    0    0     0          0         0     9167      57    0    0    0     0       0          0
s3-eth6:    1982      25    0    0    0     0          0         0     9167      57    0    0    0     0       0          0
s3-eth7:    1982      25    0    0    0     0          0         0     9327      59    0    0    0     0       0          0
s3-eth8:    1982      25    0    0    0     0          0         0     9167      57    0    0    0     0       0          0
s3-eth9:    2052      26    0    0    0     0          0         0     9167      57    0    0    0     0       0          0
s3-eth10:    2052      26    0    0    0     0          0         0     9167      57    0    0    0     0       0          0
s3-eth11:    1982      25    0    0    0     0          0         0     9167      57    0    0    0     0       0          0
s3-eth12:    1982      25    0    0    0     0          0         0     9167      57    0    0    0     0       0          0
s3-eth13:    1982      25    0    0    0     0          0         0     9167      57    0    0    0     0       0          0
s3-eth14:    1982      25    0    0    0     0          0         0     9167      57    0    0    0     0       0          0
s3-eth15:    1982      25    0    0    0     0          0         0     9167      57    0    0    0     0       0          0
s3-eth16:    1982      25    0    0    0     0          0         0     9167      57    0    0    0     0       0          0
s3-eth17:    1982      25    0    0    0     0          0         0     9167      57    0    0    0     0       0          0
s3-eth18:    1982      25    0    0    0     0          0         0     9167      57    0    0    0     0       0          0
s3-eth19:    1982      25    0    0    0     0          0         0     9167      57    0    0    0     0       0          0
s3-eth20:    1982      25    0    0    0     0          0         0     9237      58    0    0    0     0       0          0
s3-eth21:    1982      25    0    0    0     0          0         0     9077      56    0    0    0     0       0          0
s3-eth22:    1982      25    0    0    0     0          0         0     9237      58    0    0    0     0       0          0
s3-eth23:    1982      25    0    0    0     0          0         0     9237      58    0    0    0     0       0          0
s3-eth24:    1982      25    0    0    0     0          0         0     9167      57    0    0    0     0       0          0
s3-eth25:    2052      26    0    0    0     0          0         0     9167      57    0    0    0     0       0          0
s3-eth26:    1982      25    0    0    0     0          0         0     9167      57    0    0    0     0       0          0
s3-eth27:    1892      24    0    0    0     0          0         0     9167      57    0    0    0     0       0          0
s3-eth28:    2052      26    0    0    0     0          0         0     9167      57    0    0    0     0       0          0
s3-eth29:    2052      26    0    0    0     0          0         0     9167      57    0    0    0     0       0          0
s3-eth30:    1982      25    0    0    0     0          0         0     9167      57    0    0    0     0       0          0
s3-eth31:    1982      25    0    0    0     0          0         0     9167      57    0    0    0     0       0          0
s3-eth32:    1982      25    0    0    0     0          0         0     9167      57    0    0    0     0       0          0
s3-eth33:    1982      25    0    0    0     0          0         0     9237      58    0    0    0     0       0          0
s3-eth34:    1982      25    0    0    0     0          0         0     9167      57    0    0    0     0       0          0
s1-eth1: 1380736   18369    0    0    0     0          0         0 15665126902 10882316    0    0    0     0       0          0
s1-eth2:  109006    3758    0    0    0     0          0         0   109034    3758    0    0    0     0       0          0
s3-eth1: 13458981468 9351934    0    0    0     0          0         0  1381263   18372    0    0    0     0       0          0
s3-eth2:  108901    3757    0    0    0     0          0         0   108971    3758    0    0    0     0       0          0
