cpu  26618113 6222 5749989 268726355 675598 0 277759 0 136183 0
cpu0 2609289 956 503925 18241154 59745 0 22653 0 20274 0
cpu1 1873777 446 281096 19379660 35363 0 19560 0 14150 0
cpu2 2757720 1006 557033 18094576 64481 0 18546 0 21767 0
cpu3 1967880 742 268493 19406318 28473 0 15642 0 13930 0
cpu4 2198094 335 591202 18648921 67868 0 20926 0 8562 0
cpu5 2038147 295 528730 18881355 68727 0 20860 0 7825 0
cpu6 1896895 341 476537 19093503 64018 0 19297 0 6392 0
cpu7 1831280 427 445524 19206707 62467 0 19582 0 5898 0
cpu8 1847336 411 440719 19229093 53537 0 18783 0 6771 0
cpu9 1838886 301 426930 19253542 54895 0 18969 0 6554 0
cpu10 1831966 300 402464 19277215 51603 0 33707 0 7734 0
cpu11 1862357 347 393600 19268949 51059 0 18407 0 11262 0
cpu12 1052403 174 216308 20393521 6812 0 15367 0 2464 0
cpu13 1012079 136 217424 20351834 6545 0 15456 0 2597 0
procs_running 8
procs_blocked 1
MemTotal:       15782176 kB
MemAvailable:    2688136 kB
SwapTotal:      20971512 kB
SwapFree:       10498140 kB
pgsteal_direct 1731325
pgscan_direct 2735190
