cpu  26610356 6221 5725952 268726141 675580 0 267627 0 134067 0
cpu0 2608792 956 502260 18241142 59744 0 21816 0 20104 0
cpu1 1873243 446 279497 19379656 35362 0 18682 0 13915 0
cpu2 2757008 1006 555533 18094564 64480 0 17759 0 21622 0
cpu3 1966981 742 267078 19406308 28470 0 14956 0 13603 0
cpu4 2197656 335 589302 18648910 67867 0 20264 0 8465 0
cpu5 2037622 295 526734 18881347 68725 0 20379 0 7564 0
cpu6 1896507 341 474605 19093493 64017 0 18616 0 6352 0
cpu7 1830746 427 443739 19206694 62466 0 18904 0 5724 0
cpu8 1846771 411 439045 19229064 53536 0 18042 0 6647 0
cpu9 1838229 300 425270 19253514 54894 0 18305 0 6396 0
cpu10 1831193 300 400922 19277190 51601 0 33040 0 7563 0
cpu11 1861630 347 392030 19268919 51056 0 17728 0 11146 0
cpu12 1052157 174 214417 20393511 6811 0 14502 0 2407 0
cpu13 1011814 136 215513 20351825 6544 0 14629 0 2554 0
procs_running 4
procs_blocked 0
MemTotal:       15782176 kB
MemAvailable:    1866988 kB
SwapTotal:      20971512 kB
SwapFree:       10947548 kB
pgsteal_direct 1676756
pgscan_direct 2624326
