s1-eth3:    1142      13    0    0    0     0          0         0     4093      28    0    0    0     0       0          0
s2-eth3:    1122      13    0    0    0     0          0         0     4053      28    0    0    0     0       0          0
s3-eth3:     926      11    0    0    0     0          0         0     3857      26    0    0    0     0       0          0
s4-eth3:    1016      12    0    0    0     0          0         0     3857      26    0    0    0     0       0          0
s5-eth1:    4172      40    0    0    0     0          0         0     4473      43    0    0    0     0       0          0
s1-eth1:    4473      43    0    0    0     0          0         0     4172      40    0    0    0     0       0          0
s6-eth1:    4368      42    0    0    0     0          0         0     4172      40    0    0    0     0       0          0
s1-eth2:    4172      40    0    0    0     0          0         0     4368      42    0    0    0     0       0          0
s5-eth2:    4368      42    0    0    0     0          0         0     4172      40    0    0    0     0       0          0
s2-eth1:    4172      40    0    0    0     0          0         0     4368      42    0    0    0     0       0          0
s6-eth2:    4074      40    0    0    0     0          0         0     4368      42    0    0    0     0       0          0
s2-eth2:    4368      42    0    0    0     0          0         0     4074      40    0    0    0     0       0          0
s7-eth1:    4172      40    0    0    0     0          0         0     4172      40    0    0    0     0       0          0
s3-eth1:    4172      40    0    0    0     0          0         0     4172      40    0    0    0     0       0          0
s8-eth1:    4172      40    0    0    0     0          0         0     4172      40    0    0    0     0       0          0
s3-eth2:    4172      40    0    0    0     0          0         0     4172      40    0    0    0     0       0          0
s7-eth2:    4172      40    0    0    0     0          0         0     2954      34    0    0    0     0       0          0
s4-eth1:    2954      34    0    0    0     0          0         0     4172      40    0    0    0     0       0          0
s8-eth2:    4172      40    0    0    0     0          0         0     4172      40    0    0    0     0       0          0
s4-eth2:    4172      40    0    0    0     0          0         0     4172      40    0    0    0     0       0          0
s9-eth1:    4172      40    0    0    0     0          0         0     4172      40    0    0    0     0       0          0
s5-eth3:    4172      40    0    0    0     0          0         0     4172      40    0    0    0     0       0          0
s10-eth1:    4172      40    0    0    0     0          0         0     2969      34    0    0    0     0       0          0
s5-eth4:    2969      34    0    0    0     0          0         0     4172      40    0    0    0     0       0          0
s9-eth2:    4172      40    0    0    0     0          0         0     4172      40    0    0    0     0       0          0
s6-eth3:    4172      40    0    0    0     0          0         0     4172      40    0    0    0     0       0          0
s10-eth2:    4172      40    0    0    0     0          0         0     4187      40    0    0    0     0       0          0
s6-eth4:    4187      40    0    0    0     0          0         0     4172      40    0    0    0     0       0          0
s9-eth3:    4102      39    0    0    0     0          0         0     2954      34    0    0    0     0       0          0
s7-eth3:    2954      34    0    0    0     0          0         0     4102      39    0    0    0     0       0          0
s10-eth3:    4172      40    0    0    0     0          0         0     4187      40    0    0    0     0       0          0
s7-eth4:    4187      40    0    0    0     0          0         0     4172      40    0    0    0     0       0          0
s9-eth4:    2751      33    0    0    0     0          0         0     4172      40    0    0    0     0       0          0
s8-eth3:    4172      40    0    0    0     0          0         0     2751      33    0    0    0     0       0          0
s10-eth4:    4172      40    0    0    0     0          0         0     4187      40    0    0    0     0       0          0
s8-eth4:    4187      40    0    0    0     0          0         0     4172      40    0    0    0     0       0          0
