s1-eth3: 4259434712 4159893    0    0    0     0          0         0    29361     311    0    0    0     0       0          0
s2-eth3:    1262      15    0    0    0     0          0         0     4326      30    0    0    0     0       0          0
s3-eth3:    1066      13    0    0    0     0          0         0     4130      28    0    0    0     0       0          0
s4-eth3:   26081     294    0    0    0     0          0         0 3591961662 3508075    0    0    0     0       0          0
s5-eth1:    5417      78    0    0    0     0          0         0    30643     361    0    0    0     0       0          0
s1-eth1:   30643     361    0    0    0     0          0         0     5417      78    0    0    0     0       0          0
s6-eth1: 3649425859 3564242    0    0    0     0          0         0     5417      78    0    0    0     0       0          0
s1-eth2:    5417      78    0    0    0     0          0         0 3649425859 3564242    0    0    0     0       0          0
s5-eth2:    5613      80    0    0    0     0          0         0     5487      79    0    0    0     0       0          0
s2-eth1:    5487      79    0    0    0     0          0         0     5613      80    0    0    0     0       0          0
s6-eth2:    5389      79    0    0    0     0          0         0     5613      80    0    0    0     0       0          0
s2-eth2:    5613      80    0    0    0     0          0         0     5389      79    0    0    0     0       0          0
s7-eth1:    5487      79    0    0    0     0          0         0     5417      78    0    0    0     0       0          0
s3-eth1:    5417      78    0    0    0     0          0         0     5487      79    0    0    0     0       0          0
s8-eth1:    5487      79    0    0    0     0          0         0     5487      79    0    0    0     0       0          0
s3-eth2:    5487      79    0    0    0     0          0         0     5487      79    0    0    0     0       0          0
s7-eth2:   30342     358    0    0    0     0          0         0     3996      71    0    0    0     0       0          0
s4-eth1:    3996      71    0    0    0     0          0         0    30342     358    0    0    0     0       0          0
s8-eth2:    5417      78    0    0    0     0          0         0 3605267711 3521117    0    0    0     0       0          0
s4-eth2: 3605267711 3521117    0    0    0     0          0         0     5417      78    0    0    0     0       0          0
s9-eth1:    5487      79    0    0    0     0          0         0     5417      78    0    0    0     0       0          0
s5-eth3:    5417      78    0    0    0     0          0         0     5487      79    0    0    0     0       0          0
s10-eth1:    5487      79    0    0    0     0          0         0    28972     351    0    0    0     0       0          0
s5-eth4:   28972     351    0    0    0     0          0         0     5487      79    0    0    0     0       0          0
s9-eth2:    5417      78    0    0    0     0          0         0     5417      78    0    0    0     0       0          0
s6-eth3:    5417      78    0    0    0     0          0         0     5417      78    0    0    0     0       0          0
s10-eth2: 3633732933 3548916    0    0    0     0          0         0     5538      79    0    0    0     0       0          0
s6-eth4:    5538      79    0    0    0     0          0         0 3633732933 3548916    0    0    0     0       0          0
s9-eth3:    5417      78    0    0    0     0          0         0     3996      71    0    0    0     0       0          0
s7-eth3:    3996      71    0    0    0     0          0         0     5417      78    0    0    0     0       0          0
s10-eth3:   30412     359    0    0    0     0          0         0     5468      78    0    0    0     0       0          0
s7-eth4:    5468      78    0    0    0     0          0         0    30412     359    0    0    0     0       0          0
s9-eth4:    3863      71    0    0    0     0          0         0     5417      78    0    0    0     0       0          0
s8-eth3:    5417      78    0    0    0     0          0         0     3863      71    0    0    0     0       0          0
s10-eth4:    5417      78    0    0    0     0          0         0 3620342136 3535839    0    0    0     0       0          0
s8-eth4: 3620342136 3535839    0    0    0     0          0         0     5417      78    0    0    0     0       0          0
