s1-eth3: 4882235023 8327998    0    0    0     0          0         0    61102     666    0    0    0     0       0          0
s2-eth3:    1332      16    0    0    0     0          0         0     4872      34    0    0    0     0       0          0
s3-eth3:    1066      13    0    0    0     0          0         0     4676      32    0    0    0     0       0          0
s4-eth3:   57452     647    0    0    0     0          0         0 4157530967 7005201    0    0    0     0       0          0
s5-eth1:    5810     135    0    0    0     0          0         0    63903     776    0    0    0     0       0          0
s1-eth1:   63903     776    0    0    0     0          0         0     5810     135    0    0    0     0       0          0
s6-eth1: 4233406900 7117712    0    0    0     0          0         0     7637     144    0    0    0     0       0          0
s1-eth2:    7637     144    0    0    0     0          0         0 4233406900 7117712    0    0    0     0       0          0
s5-eth2:    6006     137    0    0    0     0          0         0     7567     143    0    0    0     0       0          0
s2-eth1:    7567     143    0    0    0     0          0         0     6006     137    0    0    0     0       0          0
s6-eth2:    7637     144    0    0    0     0          0         0     7833     146    0    0    0     0       0          0
s2-eth2:    7833     146    0    0    0     0          0         0     7637     144    0    0    0     0       0          0
s7-eth1:    5810     135    0    0    0     0          0         0     7637     144    0    0    0     0       0          0
s3-eth1:    7637     144    0    0    0     0          0         0     5810     135    0    0    0     0       0          0
s8-eth1:    5810     135    0    0    0     0          0         0     7637     144    0    0    0     0       0          0
s3-eth2:    7637     144    0    0    0     0          0         0     5810     135    0    0    0     0       0          0
s7-eth2:   63777     775    0    0    0     0          0         0     5537     133    0    0    0     0       0          0
s4-eth1:    5537     133    0    0    0     0          0         0    63777     775    0    0    0     0       0          0
s8-eth2:    7567     143    0    0    0     0          0         0 4174543466 7030832    0    0    0     0       0          0
s4-eth2: 4174543466 7030832    0    0    0     0          0         0     7567     143    0    0    0     0       0          0
s9-eth1:    7567     143    0    0    0     0          0         0     7637     144    0    0    0     0       0          0
s5-eth3:    7637     144    0    0    0     0          0         0     7567     143    0    0    0     0       0          0
s10-eth1:    7567     143    0    0    0     0          0         0    62063     766    0    0    0     0       0          0
s5-eth4:   62063     766    0    0    0     0          0         0     7567     143    0    0    0     0       0          0
s9-eth2:    7539     144    0    0    0     0          0         0     7637     144    0    0    0     0       0          0
s6-eth3:    7637     144    0    0    0     0          0         0     7539     144    0    0    0     0       0          0
s10-eth2: 4212188458 7085695    0    0    0     0          0         0     7750     144    0    0    0     0       0          0
s6-eth4:    7750     144    0    0    0     0          0         0 4212188458 7085695    0    0    0     0       0          0
s9-eth3:    7637     144    0    0    0     0          0         0     7637     144    0    0    0     0       0          0
s7-eth3:    7637     144    0    0    0     0          0         0     7637     144    0    0    0     0       0          0
s10-eth3:   63777     775    0    0    0     0          0         0     7750     144    0    0    0     0       0          0
s7-eth4:    7750     144    0    0    0     0          0         0    63777     775    0    0    0     0       0          0
s9-eth4:    7637     144    0    0    0     0          0         0     7637     144    0    0    0     0       0          0
s8-eth3:    7637     144    0    0    0     0          0         0     7637     144    0    0    0     0       0          0
s10-eth4:    7637     144    0    0    0     0          0         0 4194525153 7060099    0    0    0     0       0          0
s8-eth4: 4194525153 7060099    0    0    0     0          0         0     7637     144    0    0    0     0       0          0
