s1-eth3: 819397133 4360135    0    0    0     0          0         0    38307     411    0    0    0     0       0          0
s2-eth3:    1262      15    0    0    0     0          0         0     4599      32    0    0    0     0       0          0
s3-eth3:    1066      13    0    0    0     0          0         0     4403      30    0    0    0     0       0          0
s4-eth3:   34860     393    0    0    0     0          0         0 777410194 3704055    0    0    0     0       0          0
s5-eth1:    4876     102    0    0    0     0          0         0    40314     490    0    0    0     0       0          0
s1-eth1:   40314     490    0    0    0     0          0         0     4876     102    0    0    0     0       0          0
s6-eth1: 780027143 3744991    0    0    0     0          0         0     6500     110    0    0    0     0       0          0
s1-eth2:    6500     110    0    0    0     0          0         0 780027143 3744991    0    0    0     0       0          0
s5-eth2:    5072     104    0    0    0     0          0         0     6500     110    0    0    0     0       0          0
s2-eth1:    6500     110    0    0    0     0          0         0     5072     104    0    0    0     0       0          0
s6-eth2:    6500     110    0    0    0     0          0         0     6696     112    0    0    0     0       0          0
s2-eth2:    6696     112    0    0    0     0          0         0     6500     110    0    0    0     0       0          0
s7-eth1:    4876     102    0    0    0     0          0         0     6500     110    0    0    0     0       0          0
s3-eth1:    6500     110    0    0    0     0          0         0     4876     102    0    0    0     0       0          0
s8-eth1:    4673     101    0    0    0     0          0         0     6500     110    0    0    0     0       0          0
s3-eth2:    6500     110    0    0    0     0          0         0     4673     101    0    0    0     0       0          0
s7-eth2:   40118     488    0    0    0     0          0         0     4673     101    0    0    0     0       0          0
s4-eth1:    4673     101    0    0    0     0          0         0    40118     488    0    0    0     0       0          0
s8-eth2:    6500     110    0    0    0     0          0         0 778020355 3713636    0    0    0     0       0          0
s4-eth2: 778020355 3713636    0    0    0     0          0         0     6500     110    0    0    0     0       0          0
s9-eth1:    6500     110    0    0    0     0          0         0     6500     110    0    0    0     0       0          0
s5-eth3:    6500     110    0    0    0     0          0         0     6500     110    0    0    0     0       0          0
s10-eth1:    6500     110    0    0    0     0          0         0    38575     480    0    0    0     0       0          0
s5-eth4:   38575     480    0    0    0     0          0         0     6500     110    0    0    0     0       0          0
s9-eth2:    6402     110    0    0    0     0          0         0     6500     110    0    0    0     0       0          0
s6-eth3:    6500     110    0    0    0     0          0         0     6402     110    0    0    0     0       0          0
s10-eth2: 779256003 3732943    0    0    0     0          0         0     6581     110    0    0    0     0       0          0
s6-eth4:    6581     110    0    0    0     0          0         0 779256003 3732943    0    0    0     0       0          0
s9-eth3:    6500     110    0    0    0     0          0         0     6500     110    0    0    0     0       0          0
s7-eth3:    6500     110    0    0    0     0          0         0     6500     110    0    0    0     0       0          0
s10-eth3:   40118     488    0    0    0     0          0         0     6581     110    0    0    0     0       0          0
s7-eth4:    6581     110    0    0    0     0          0         0    40118     488    0    0    0     0       0          0
s9-eth4:    6500     110    0    0    0     0          0         0     6500     110    0    0    0     0       0          0
s8-eth3:    6500     110    0    0    0     0          0         0     6500     110    0    0    0     0       0          0
s10-eth4:    6500     110    0    0    0     0          0         0 778686228 3724039    0    0    0     0       0          0
s8-eth4: 778686228 3724039    0    0    0     0          0         0     6500     110    0    0    0     0       0          0
