s1-eth3: 44339748882 51855453    0    0    0     0          0         0 53041412473 35052343    0    0    0     0       0          0
s1-eth4: 53469454877 35316802    0    0    0     0          0         0 1158280894 17375540    0    0    0     0       0          0
s1-eth5:    2612      34    0    0    0     0          0         0    11421      74    0    0    0     0       0          0
s1-eth6:    2612      34    0    0    0     0          0         0    11526      75    0    0    0     0       0          0
s1-eth7:    2542      33    0    0    0     0          0         0    11421      74    0    0    0     0       0          0
s1-eth8:    2542      33    0    0    0     0          0         0    11351      73    0    0    0     0       0          0
s1-eth9:    2542      33    0    0    0     0          0         0    11421      74    0    0    0     0       0          0
s1-eth10:    2612      34    0    0    0     0          0         0    11421      74    0    0    0     0       0          0
s1-eth11:    2612      34    0    0    0     0          0         0    11421      74    0    0    0     0       0          0
s1-eth12:    2612      34    0    0    0     0          0         0    11421      74    0    0    0     0       0          0
s1-eth13:    2612      34    0    0    0     0          0         0    11421      74    0    0    0     0       0          0
s1-eth14:    2612      34    0    0    0     0          0         0    11351      73    0    0    0     0       0          0
s1-eth15:    2612      34    0    0    0     0          0         0    11421      74    0    0    0     0       0          0
s1-eth16:    2612      34    0    0    0     0          0         0    11351      73    0    0    0     0       0          0
s1-eth17:    2612      34    0    0    0     0          0         0    11421      74    0    0    0     0       0          0
s1-eth18:    2612      34    0    0    0     0          0         0    11421      74    0    0    0     0       0          0
s1-eth19:    2612      34    0    0    0     0          0         0    11421      74    0    0    0     0       0          0
s1-eth20:    2612      34    0    0    0     0          0         0    11421      74    0    0    0     0       0          0
s1-eth21:    2612      34    0    0    0     0          0         0    11526      75    0    0    0     0       0          0
s1-eth22:    2612      34    0    0    0     0          0         0    11421      74    0    0    0     0       0          0
s1-eth23:    2612      34    0    0    0     0          0         0    11421      74    0    0    0     0       0          0
s1-eth24:    2612      34    0    0    0     0          0         0    11421      74    0    0    0     0       0          0
s1-eth25:    2612      34    0    0    0     0          0         0    11421      74    0    0    0     0       0          0
s1-eth26:    2612      34    0    0    0     0          0         0    11421      74    0    0    0     0       0          0
s1-eth27:    2542      33    0    0    0     0          0         0    11421      74    0    0    0     0       0          0
s1-eth28:    2612      34    0    0    0     0          0         0    11351      73    0    0    0     0       0          0
s1-eth29:    2612      34    0    0    0     0          0         0    11421      74    0    0    0     0       0          0
s1-eth30:    2612      34    0    0    0     0          0         0    11421      74    0    0    0     0       0          0
s1-eth31:    2542      33    0    0    0     0          0         0    11351      73    0    0    0     0       0          0
s1-eth32:    2542      33    0    0    0     0          0         0    11351      73    0    0    0     0       0          0
s1-eth33:    2612      34    0    0    0     0          0         0    11421      74    0    0    0     0       0          0
s1-eth34:    2612      34    0    0    0     0          0         0    11351      73    0    0    0     0       0          0
s3-eth3: 1697516   19393    0    0    0     0          0         0 25111795424 21122685    0    0    0     0       0          0
s3-eth4:    2612      34    0    0    0     0          0         0    11421      74    0    0    0     0       0          0
s3-eth5:    2612      34    0    0    0     0          0         0    11351      73    0    0    0     0       0          0
s3-eth6:    2542      33    0    0    0     0          0         0    11421      74    0    0    0     0       0          0
s3-eth7:    2612      34    0    0    0     0          0         0    11511      75    0    0    0     0       0          0
s3-eth8:    2612      34    0    0    0     0          0         0    11351      73    0    0    0     0       0          0
s3-eth9:    2612      34    0    0    0     0          0         0    11351      73    0    0    0     0       0          0
s3-eth10:    2612      34    0    0    0     0          0         0    11421      74    0    0    0     0       0          0
s3-eth11:    2542      33    0    0    0     0          0         0    11351      73    0    0    0     0       0          0
s3-eth12:    2542      33    0    0    0     0          0         0    11351      73    0    0    0     0       0          0
s3-eth13:    2612      34    0    0    0     0          0         0    11351      73    0    0    0     0       0          0
s3-eth14:    2612      34    0    0    0     0          0         0    11421      74    0    0    0     0       0          0
s3-eth15:    2612      34    0    0    0     0          0         0    11351      73    0    0    0     0       0          0
s3-eth16:    2542      33    0    0    0     0          0         0    11351      73    0    0    0     0       0          0
s3-eth17:    2542      33    0    0    0     0          0         0    11351      73    0    0    0     0       0          0
s3-eth18:    2542      33    0    0    0     0          0         0    11421      74    0    0    0     0       0          0
s3-eth19:    2612      34    0    0    0     0          0         0    11421      74    0    0    0     0       0          0
s3-eth20:    2612      34    0    0    0     0          0         0    11421      74    0    0    0     0       0          0
s3-eth21:    2612      34    0    0    0     0          0         0    11331      73    0    0    0     0       0          0
s3-eth22:    2612      34    0    0    0     0          0         0    11421      74    0    0    0     0       0          0
s3-eth23:    2612      34    0    0    0     0          0         0    11421      74    0    0    0     0       0          0
s3-eth24:    2612      34    0    0    0     0          0         0    11421      74    0    0    0     0       0          0
s3-eth25:    2612      34    0    0    0     0          0         0    11351      73    0    0    0     0       0          0
s3-eth26:    2612      34    0    0    0     0          0         0    11421      74    0    0    0     0       0          0
s3-eth27:    2522      33    0    0    0     0          0         0    11421      74    0    0    0     0       0          0
s3-eth28:    2612      34    0    0    0     0          0         0    11351      73    0    0    0     0       0          0
s3-eth29:    2612      34    0    0    0     0          0         0    11421      74    0    0    0     0       0          0
s3-eth30:    2542      33    0    0    0     0          0         0    11421      74    0    0    0     0       0          0
s3-eth31:    2542      33    0    0    0     0          0         0    11351      73    0    0    0     0       0          0
s3-eth32:    2612      34    0    0    0     0          0         0    11351      73    0    0    0     0       0          0
s3-eth33:    2542      33    0    0    0     0          0         0    11421      74    0    0    0     0       0          0
s3-eth34:    2542      33    0    0    0     0          0         0    11351      73    0    0    0     0       0          0
s1-eth1: 1971371   29305    0    0    0     0          0         0 27996536980 23175382    0    0    0     0       0          0
s1-eth2:  278147    9956    0    0    0     0          0         0   278175    9956    0    0    0     0       0          0
s3-eth1: 25539008828 21444463    0    0    0     0          0         0  1971968   29309    0    0    0     0       0          0
s3-eth2:  277972    9954    0    0    0     0          0         0   278042    9955    0    0    0     0       0          0
