s1-eth3: 831686569 4552141    0    0    0     0          0         0    40669     438    0    0    0     0       0          0
s2-eth3:    1438      17    0    0    0     0          0         0     4599      32    0    0    0     0       0          0
s3-eth3:    1156      14    0    0    0     0          0         0     4493      31    0    0    0     0       0          0
s4-eth3:   37136     419    0    0    0     0          0         0 792938862 3946739    0    0    0     0       0          0
s5-eth1:    6473     109    0   80    0     0          0         0    41115     509    0    0    0     0       0          0
s1-eth1:   41115     509    0   80    0     0          0         0     6473     109    0    0    0     0       0          0
s6-eth1: 796643144 4004664    0   80    0     0          0         0     6473     109    0    0    0     0       0          0
s1-eth2:    6473     109    0   80    0     0          0         0 796643144 4004664    0    0    0     0       0          0
s5-eth2:    6669     111    0   80    0     0          0         0     4849     101    0    0    0     0       0          0
s2-eth1:    4849     101    0   80    0     0          0         0     6669     111    0    0    0     0       0          0
s6-eth2:    6473     109    0   80    0     0          0         0     5045     103    0    0    0     0       0          0
s2-eth2:    5045     103    0   80    0     0          0         0     6473     109    0    0    0     0       0          0
s7-eth1:    6473     109    0   80    0     0          0         0     6473     109    0    0    0     0       0          0
s3-eth1:    6473     109    0   80    0     0          0         0     6473     109    0    0    0     0       0          0
s8-eth1:    6473     109    0   80    0     0          0         0     6473     109    0    0    0     0       0          0
s3-eth2:    6473     109    0   80    0     0          0         0     6473     109    0    0    0     0       0          0
s7-eth2:   42543     515    0   80    0     0          0         0     6473     109    0    0    0     0       0          0
s4-eth1:    6473     109    0   80    0     0          0         0    42543     515    0    0    0     0       0          0
s8-eth2:    6473     109    0   80    0     0          0         0 793787396 3960044    0    0    0     0       0          0
s4-eth2: 793787396 3960044    0   80    0     0          0         0     6473     109    0    0    0     0       0          0
s9-eth1:    4646     100    0   80    0     0          0         0     6473     109    0    0    0     0       0          0
s5-eth3:    6473     109    0   80    0     0          0         0     4646     100    0    0    0     0       0          0
s10-eth1:    6403     109    0   80    0     0          0         0    42623     515    0    0    0     0       0          0
s5-eth4:   42623     515    0   80    0     0          0         0     6403     109    0    0    0     0       0          0
s9-eth2:    4849     101    0   80    0     0          0         0     6473     109    0    0    0     0       0          0
s6-eth3:    6473     109    0   80    0     0          0         0     4849     101    0    0    0     0       0          0
s10-eth2: 795605828 3988457    0   80    0     0          0         0     6553     109    0    0    0     0       0          0
s6-eth4:    6553     109    0   80    0     0          0         0 795605828 3988457    0    0    0     0       0          0
s9-eth3:    6473     109    0   80    0     0          0         0     6473     109    0    0    0     0       0          0
s7-eth3:    6473     109    0   80    0     0          0         0     6473     109    0    0    0     0       0          0
s10-eth3:   42543     515    0   80    0     0          0         0     6553     109    0    0    0     0       0          0
s7-eth4:    6553     109    0   80    0     0          0         0    42543     515    0    0    0     0       0          0
s9-eth4:    6606     110    0   80    0     0          0         0     6473     109    0    0    0     0       0          0
s8-eth3:    6473     109    0   80    0     0          0         0     6606     110    0    0    0     0       0          0
s10-eth4:    6473     109    0   80    0     0          0         0 794735188 3974852    0    0    0     0       0          0
s8-eth4: 794735188 3974852    0   80    0     0          0         0     6473     109    0    0    0     0       0          0
