s1-eth3: 565444638  392269    0    0    0     0          0         0    15540     156    0    0    0     0       0          0
s2-eth3:    1368      16    0    0    0     0          0         0     4326      30    0    0    0     0       0          0
s3-eth3:    1086      13    0    0    0     0          0         0     4220      29    0    0    0     0       0          0
s4-eth3:   12210     138    0    0    0     0          0         0 565443160  392279    0    0    0     0       0          0
s5-eth1:    5228      71    0   44    0     0          0         0    15217     192    0    0    0     0       0          0
s1-eth1:   15217     192    0   44    0     0          0         0     5228      71    0    0    0     0       0          0
s6-eth1: 565444454  392324    0   44    0     0          0         0     5228      71    0    0    0     0       0          0
s1-eth2:    5228      71    0   44    0     0          0         0 565444454  392324    0    0    0     0       0          0
s5-eth2:    5424      73    0   44    0     0          0         0     3807      64    0    0    0     0       0          0
s2-eth1:    3807      64    0   44    0     0          0         0     5424      73    0    0    0     0       0          0
s6-eth2:    5228      71    0   44    0     0          0         0     4003      66    0    0    0     0       0          0
s2-eth2:    4003      66    0   44    0     0          0         0     5228      71    0    0    0     0       0          0
s7-eth1:    5228      71    0   44    0     0          0         0     5228      71    0    0    0     0       0          0
s3-eth1:    5228      71    0   44    0     0          0         0     5228      71    0    0    0     0       0          0
s8-eth1:    5228      71    0   44    0     0          0         0     5228      71    0    0    0     0       0          0
s3-eth2:    5228      71    0   44    0     0          0         0     5228      71    0    0    0     0       0          0
s7-eth2:   16442     197    0   44    0     0          0         0     5228      71    0    0    0     0       0          0
s4-eth1:    5228      71    0   44    0     0          0         0    16442     197    0    0    0     0       0          0
s8-eth2:    5228      71    0   44    0     0          0         0 565444258  392322    0    0    0     0       0          0
s4-eth2: 565444258  392322    0   44    0     0          0         0     5228      71    0    0    0     0       0          0
s9-eth1:    3604      63    0   44    0     0          0         0     5228      71    0    0    0     0       0          0
s5-eth3:    5228      71    0   44    0     0          0         0     3604      63    0    0    0     0       0          0
s10-eth1:    5158      71    0   44    0     0          0         0    16486     197    0    0    0     0       0          0
s5-eth4:   16486     197    0   44    0     0          0         0     5158      71    0    0    0     0       0          0
s9-eth2:    3807      64    0   44    0     0          0         0     5228      71    0    0    0     0       0          0
s6-eth3:    5228      71    0   44    0     0          0         0     3807      64    0    0    0     0       0          0
s10-eth2: 565444258  392322    0   44    0     0          0         0     5272      71    0    0    0     0       0          0
s6-eth4:    5272      71    0   44    0     0          0         0 565444258  392322    0    0    0     0       0          0
s9-eth3:    5228      71    0   44    0     0          0         0     5228      71    0    0    0     0       0          0
s7-eth3:    5228      71    0   44    0     0          0         0     5228      71    0    0    0     0       0          0
s10-eth3:   16442     197    0   44    0     0          0         0     5272      71    0    0    0     0       0          0
s7-eth4:    5272      71    0   44    0     0          0         0    16442     197    0    0    0     0       0          0
s9-eth4:    5361      72    0   44    0     0          0         0     5228      71    0    0    0     0       0          0
s8-eth3:    5228      71    0   44    0     0          0         0     5361      72    0    0    0     0       0          0
s10-eth4:    5228      71    0   44    0     0          0         0 565444302  392322    0    0    0     0       0          0
s8-eth4: 565444302  392322    0   44    0     0          0         0     5228      71    0    0    0     0       0          0
