s1-eth3: 20161837889 13990474    0    0    0     0          0         0   711139    8089    0    0    0     0       0          0
s1-eth4:    1968      24    0    0    0     0          0         0     5548      39    0    0    0     0       0          0
s1-eth5:    1702      21    0    0    0     0          0         0     5352      37    0    0    0     0       0          0
s1-eth6:    1702      21    0    0    0     0          0         0     5457      38    0    0    0     0       0          0
s1-eth7:    1702      21    0    0    0     0          0         0     5352      37    0    0    0     0       0          0
s1-eth8:    1702      21    0    0    0     0          0         0     5352      37    0    0    0     0       0          0
s1-eth9:    1702      21    0    0    0     0          0         0     5352      37    0    0    0     0       0          0
s1-eth10:    1702      21    0    0    0     0          0         0     5352      37    0    0    0     0       0          0
s1-eth11:    1702      21    0    0    0     0          0         0     5352      37    0    0    0     0       0          0
s1-eth12:    1702      21    0    0    0     0          0         0     5352      37    0    0    0     0       0          0
s1-eth13:    1702      21    0    0    0     0          0         0     5352      37    0    0    0     0       0          0
s1-eth14:    1772      22    0    0    0     0          0         0     5352      37    0    0    0     0       0          0
s1-eth15:    1702      21    0    0    0     0          0         0     5352      37    0    0    0     0       0          0
s1-eth16:    1702      21    0    0    0     0          0         0     5352      37    0    0    0     0       0          0
s1-eth17:    1702      21    0    0    0     0          0         0     5352      37    0    0    0     0       0          0
s1-eth18:    1702      21    0    0    0     0          0         0     5352      37    0    0    0     0       0          0
s1-eth19:    1702      21    0    0    0     0          0         0     5352      37    0    0    0     0       0          0
s1-eth20:    1702      21    0    0    0     0          0         0     5352      37    0    0    0     0       0          0
s1-eth21:    1702      21    0    0    0     0          0         0     5457      38    0    0    0     0       0          0
s1-eth22:    1772      22    0    0    0     0          0         0     5352      37    0    0    0     0       0          0
s1-eth23:    1702      21    0    0    0     0          0         0     5352      37    0    0    0     0       0          0
s1-eth24:    1702      21    0    0    0     0          0         0     5352      37    0    0    0     0       0          0
s1-eth25:    1702      21    0    0    0     0          0         0     5352      37    0    0    0     0       0          0
s1-eth26:    1702      21    0    0    0     0          0         0     5352      37    0    0    0     0       0          0
s1-eth27:    1702      21    0    0    0     0          0         0     5352      37    0    0    0     0       0          0
s1-eth28:    1702      21    0    0    0     0          0         0     5352      37    0    0    0     0       0          0
s1-eth29:    1702      21    0    0    0     0          0         0     5352      37    0    0    0     0       0          0
s1-eth30:    1702      21    0    0    0     0          0         0     5352      37    0    0    0     0       0          0
s1-eth31:    1702      21    0    0    0     0          0         0     5352      37    0    0    0     0       0          0
s1-eth32:    1702      21    0    0    0     0          0         0     5352      37    0    0    0     0       0          0
s1-eth33:    1772      22    0    0    0     0          0         0     5352      37    0    0    0     0       0          0
s1-eth34:    1702      21    0    0    0     0          0         0     5352      37    0    0    0     0       0          0
s3-eth3:  707223    8070    0    0    0     0          0         0 11375152093 7896606    0    0    0     0       0          0
s3-eth4:    1702      21    0    0    0     0          0         0     5422      38    0    0    0     0       0          0
s3-eth5:    1702      21    0    0    0     0          0         0     5352      37    0    0    0     0       0          0
s3-eth6:    1702      21    0    0    0     0          0         0     5352      37    0    0    0     0       0          0
s3-eth7:    1702      21    0    0    0     0          0         0     5422      38    0    0    0     0       0          0
s3-eth8:    1702      21    0    0    0     0          0         0     5352      37    0    0    0     0       0          0
s3-eth9:    1772      22    0    0    0     0          0         0     5352      37    0    0    0     0       0          0
s3-eth10:    1772      22    0    0    0     0          0         0     5352      37    0    0    0     0       0          0
s3-eth11:    1702      21    0    0    0     0          0         0     5352      37    0    0    0     0       0          0
s3-eth12:    1702      21    0    0    0     0          0         0     5352      37    0    0    0     0       0          0
s3-eth13:    1702      21    0    0    0     0          0         0     5352      37    0    0    0     0       0          0
s3-eth14:    1702      21    0    0    0     0          0         0     5352      37    0    0    0     0       0          0
s3-eth15:    1772      22    0    0    0     0          0         0     5352      37    0    0    0     0       0          0
s3-eth16:    1702      21    0    0    0     0          0         0     5352      37    0    0    0     0       0          0
s3-eth17:    1702      21    0    0    0     0          0         0     5352      37    0    0    0     0       0          0
s3-eth18:    1702      21    0    0    0     0          0         0     5352      37    0    0    0     0       0          0
s3-eth19:    1702      21    0    0    0     0          0         0     5352      37    0    0    0     0       0          0
s3-eth20:    1702      21    0    0    0     0          0         0     5352      37    0    0    0     0       0          0
s3-eth21:    1702      21    0    0    0     0          0         0     5262      36    0    0    0     0       0          0
s3-eth22:    1702      21    0    0    0     0          0         0     5422      38    0    0    0     0       0          0
s3-eth23:    1702      21    0    0    0     0          0         0     5352      37    0    0    0     0       0          0
s3-eth24:    1702      21    0    0    0     0          0         0     5422      38    0    0    0     0       0          0
s3-eth25:    1772      22    0    0    0     0          0         0     5352      37    0    0    0     0       0          0
s3-eth26:    1702      21    0    0    0     0          0         0     5352      37    0    0    0     0       0          0
s3-eth27:    1612      20    0    0    0     0          0         0     5352      37    0    0    0     0       0          0
s3-eth28:    1702      21    0    0    0     0          0         0     5352      37    0    0    0     0       0          0
s3-eth29:    1772      22    0    0    0     0          0         0     5352      37    0    0    0     0       0          0
s3-eth30:    1702      21    0    0    0     0          0         0     5352      37    0    0    0     0       0          0
s3-eth31:    1702      21    0    0    0     0          0         0     5352      37    0    0    0     0       0          0
s3-eth32:    1702      21    0    0    0     0          0         0     5352      37    0    0    0     0       0          0
s3-eth33:    1702      21    0    0    0     0          0         0     5422      38    0    0    0     0       0          0
s3-eth34:    1702      21    0    0    0     0          0         0     5352      37    0    0    0     0       0          0
s1-eth1:  730795    8830    0    0    0     0          0         0 12567972706 8724726    0    0    0     0       0          0
s1-eth2:   25449     783    0    0    0     0          0         0    25407     782    0    0    0     0       0          0
s3-eth1: 11548240193 8017390    0    0    0     0          0         0   730795    8830    0    0    0     0       0          0
s3-eth2:   25274     781    0    0    0     0          0         0    25274     781    0    0    0     0       0          0
