s1-eth3:    2526      29    0    0    0     0          0         0     5804      55    0    0    0     0       0          0
s1-eth4:    2162      25    0    0    0     0          0         0     5510      52    0    0    0     0       0          0
s1-eth5:    2036      24    0    0    0     0          0         0     5314      50    0    0    0     0       0          0
s1-eth6:    1966      23    0    0    0     0          0         0     5314      50    0    0    0     0       0          0
s1-eth7:    2036      24    0    0    0     0          0         0     5314      50    0    0    0     0       0          0
s1-eth8:    2036      24    0    0    0     0          0         0     5314      50    0    0    0     0       0          0
s1-eth9:    1966      23    0    0    0     0          0         0     5314      50    0    0    0     0       0          0
s1-eth10:    2036      24    0    0    0     0          0         0     5314      50    0    0    0     0       0          0
s1-eth11:    1966      23    0    0    0     0          0         0     5314      50    0    0    0     0       0          0
s1-eth12:    2036      24    0    0    0     0          0         0     5314      50    0    0    0     0       0          0
s1-eth13:    2036      24    0    0    0     0          0         0     5314      50    0    0    0     0       0          0
s1-eth14:    1896      22    0    0    0     0          0         0     5314      50    0    0    0     0       0          0
s1-eth15:    1966      23    0    0    0     0          0         0     5314      50    0    0    0     0       0          0
s1-eth16:    2036      24    0    0    0     0          0         0     5314      50    0    1    0     0       0          0
s1-eth17:    2036      24    0    0    0     0          0         0     5314      50    0    0    0     0       0          0
s1-eth18:    1966      23    0    0    0     0          0         0     5314      50    0    0    0     0       0          0
s1-eth19:    2036      24    0    0    0     0          0         0     5244      49    0    1    0     0       0          0
s1-eth20:    1966      23    0    0    0     0          0         0     5314      50    0    0    0     0       0          0
s1-eth21:    1966      23    0    0    0     0          0         0     5314      50    0    0    0     0       0          0
s1-eth22:    2036      24    0    0    0     0          0         0     5334      50    0    0    0     0       0          0
s1-eth23:    2036      24    0    0    0     0          0         0     5314      50    0    0    0     0       0          0
s1-eth24:    2036      24    0    0    0     0          0         0     5314      50    0    0    0     0       0          0
s1-eth25:    2036      24    0    0    0     0          0         0     5314      50    0    0    0     0       0          0
s1-eth26:    2036      24    0    0    0     0          0         0     5314      50    0    0    0     0       0          0
s1-eth27:    2036      24    0    0    0     0          0         0     5314      50    0    0    0     0       0          0
s1-eth28:    1966      23    0    0    0     0          0         0     5314      50    0    0    0     0       0          0
s1-eth29:    1966      23    0    0    0     0          0         0     5314      50    0    0    0     0       0          0
s1-eth30:    1966      23    0    0    0     0          0         0     5334      50    0    0    0     0       0          0
s1-eth31:    1966      23    0    0    0     0          0         0     5314      50    0    0    0     0       0          0
s1-eth32:    1966      23    0    0    0     0          0         0     5314      50    0    0    0     0       0          0
s1-eth33:    2036      24    0    0    0     0          0         0     5314      50    0    0    0     0       0          0
s1-eth34:    2036      24    0    0    0     0          0         0     5314      50    0    0    0     0       0          0
s2-eth3:    2260      26    0    0    0     0          0         0     5608      53    0    0    0     0       0          0
s2-eth4:    1966      23    0    0    0     0          0         0     5314      50    0    0    0     0       0          0
s2-eth5:    2036      24    0    0    0     0          0         0     5254      49    0    0    0     0       0          0
s2-eth6:    2036      24    0    0    0     0          0         0     5314      50    0    0    0     0       0          0
s2-eth7:    1966      23    0    0    0     0          0         0     5314      50    0    0    0     0       0          0
s2-eth8:    2036      24    0    0    0     0          0         0     5254      49    0    0    0     0       0          0
s2-eth9:    1966      23    0    0    0     0          0         0     5254      49    0    0    0     0       0          0
s2-eth10:    1966      23    0    0    0     0          0         0     5254      49    0    0    0     0       0          0
s2-eth11:    1966      23    0    0    0     0          0         0     5314      50    0    0    0     0       0          0
s2-eth12:    1966      23    0    0    0     0          0         0     5359      50    0    0    0     0       0          0
s2-eth13:    1966      23    0    0    0     0          0         0     5254      49    0    0    0     0       0          0
s2-eth14:    1966      23    0    0    0     0          0         0     5314      50    0    0    0     0       0          0
s2-eth15:    1966      23    0    0    0     0          0         0     5314      50    0    0    0     0       0          0
s2-eth16:    1966      23    0    0    0     0          0         0     5314      50    0    0    0     0       0          0
s2-eth17:    1896      22    0    0    0     0          0         0     5314      50    0    0    0     0       0          0
s2-eth18:    1966      23    0    0    0     0          0         0     5359      50    0    0    0     0       0          0
s2-eth19:    2036      24    0    0    0     0          0         0     5314      50    0    0    0     0       0          0
s2-eth20:    1966      23    0    0    0     0          0         0     5314      50    0    0    0     0       0          0
s2-eth21:    1966      23    0    0    0     0          0         0     5254      49    0    0    0     0       0          0
s2-eth22:    1966      23    0    0    0     0          0         0     5314      50    0    0    0     0       0          0
s2-eth23:    1966      23    0    0    0     0          0         0     5314      50    0    0    0     0       0          0
s2-eth24:    1966      23    0    0    0     0          0         0     5254      49    0    0    0     0       0          0
s2-eth25:    1966      23    0    0    0     0          0         0     5254      49    0    0    0     0       0          0
s2-eth26:    1966      23    0    0    0     0          0         0     5314      50    0    0    0     0       0          0
s2-eth27:    1966      23    0    0    0     0          0         0     5254      49    0    0    0     0       0          0
s2-eth28:    1896      22    0    0    0     0          0         0     5314      50    0    0    0     0       0          0
s2-eth29:    1966      23    0    0    0     0          0         0     5314      50    0    0    0     0       0          0
s2-eth30:    1896      22    0    0    0     0          0         0     5314      50    0    0    0     0       0          0
s2-eth31:    1966      23    0    0    0     0          0         0     5314      50    0    0    0     0       0          0
s2-eth32:    1966      23    0    0    0     0          0         0     5314      50    0    0    0     0       0          0
s2-eth33:    1966      23    0    0    0     0          0         0     5314      50    0    0    0     0       0          0
s2-eth34:    1966      23    0    0    0     0          0         0     5314      50    0    0    0     0       0          0
s3-eth3:    1966      23    0    0    0     0          0         0     5314      50    0    0    0     0       0          0
s3-eth4:    1966      23    0    0    0     0          0         0     5314      50    0    0    0     0       0          0
s3-eth5:    1966      23    0    0    0     0          0         0     5314      50    0    0    0     0       0          0
s3-eth6:    1966      23    0    0    0     0          0         0     5314      50    0    0    0     0       0          0
s3-eth7:    1966      23    0    0    0     0          0         0     5314      50    0    0    0     0       0          0
s3-eth8:    1966      23    0    0    0     0          0         0     5314      50    0    0    0     0       0          0
s3-eth9:    1966      23    0    0    0     0          0         0     5314      50    0    0    0     0       0          0
s3-eth10:    1966      23    0    0    0     0          0         0     5314      50    0    0    0     0       0          0
s3-eth11:    1966      23    0    0    0     0          0         0     5314      50    0    0    0     0       0          0
s3-eth12:    1896      22    0    0    0     0          0         0     5314      50    0    0    0     0       0          0
s3-eth13:    1966      23    0    0    0     0          0         0     5334      50    0    0    0     0       0          0
s3-eth14:    1966      23    0    0    0     0          0         0     5314      50    0    0    0     0       0          0
s3-eth15:    1896      22    0    0    0     0          0         0     5314      50    0    0    0     0       0          0
s3-eth16:    1966      23    0    0    0     0          0         0     5314      50    0    0    0     0       0          0
s3-eth17:    1966      23    0    0    0     0          0         0     5314      50    0    0    0     0       0          0
s3-eth18:    1966      23    0    0    0     0          0         0     5314      50    0    0    0     0       0          0
s3-eth19:    1896      22    0    0    0     0          0         0     5314      50    0    0    0     0       0          0
s3-eth20:    1896      22    0    0    0     0          0         0     5314      50    0    0    0     0       0          0
s3-eth21:    1966      23    0    0    0     0          0         0     5314      50    0    0    0     0       0          0
s3-eth22:    1966      23    0    0    0     0          0         0     5314      50    0    0    0     0       0          0
s3-eth23:    1966      23    0    0    0     0          0         0     5314      50    0    0    0     0       0          0
s3-eth24:    1966      23    0    0    0     0          0         0     5314      50    0    0    0     0       0          0
s3-eth25:    1896      22    0    0    0     0          0         0     5334      50    0    0    0     0       0          0
s3-eth26:    1966      23    0    0    0     0          0         0     5314      50    0    0    0     0       0          0
s3-eth27:    1966      23    0    0    0     0          0         0     5314      50    0    0    0     0       0          0
s3-eth28:    1966      23    0    0    0     0          0         0     5314      50    0    0    0     0       0          0
s3-eth29:    1966      23    0    0    0     0          0         0     5314      50    0    0    0     0       0          0
s3-eth30:    1966      23    0    0    0     0          0         0     5314      50    0    0    0     0       0          0
s3-eth31:    1966      23    0    0    0     0          0         0     5314      50    0    0    0     0       0          0
s3-eth32:    1896      22    0    0    0     0          0         0     5314      50    0    0    0     0       0          0
s3-eth33:    1966      23    0    0    0     0          0         0     5314      50    0    0    0     0       0          0
s3-eth34:    1966      23    0    0    0     0          0         0     5314      50    0    0    0     0       0          0
s4-eth3:    1966      23    0    0    0     0          0         0     5314      50    0    0    0     0       0          0
s4-eth4:    1966      23    0    0    0     0          0         0     5314      50    0    0    0     0       0          0
s4-eth5:    1966      23    0    0    0     0          0         0     5314      50    0    0    0     0       0          0
s4-eth6:    1966      23    0    0    0     0          0         0     5314      50    0    0    0     0       0          0
s4-eth7:    1966      23    0    0    0     0          0         0     5314      50    0    0    0     0       0          0
s4-eth8:    1966      23    0    0    0     0          0         0     5314      50    0    0    0     0       0          0
s4-eth9:    1966      23    0    0    0     0          0         0     5314      50    0    0    0     0       0          0
s4-eth10:    1966      23    0    0    0     0          0         0     5314      50    0    0    0     0       0          0
s4-eth11:    1966      23    0    0    0     0          0         0     5524      52    0    0    0     0       0          0
s4-eth12:    1966      23    0    0    0     0          0         0     5314      50    0    0    0     0       0          0
s4-eth13:    1966      23    0    0    0     0          0         0     5314      50    0    0    0     0       0          0
s4-eth14:    1896      22    0    0    0     0          0         0     5314      50    0    0    0     0       0          0
s4-eth15:    1966      23    0    0    0     0          0         0     5314      50    0    0    0     0       0          0
s4-eth16:    1966      23    0    0    0     0          0         0     5314      50    0    0    0     0       0          0
s4-eth17:    1966      23    0    0    0     0          0         0     5314      50    0    0    0     0       0          0
s4-eth18:    1966      23    0    0    0     0          0         0     5314      50    0    0    0     0       0          0
s4-eth19:    1966      23    0    0    0     0          0         0     5314      50    0    0    0     0       0          0
s4-eth20:    1966      23    0    0    0     0          0         0     5314      50    0    0    0     0       0          0
s4-eth21:    1966      23    0    0    0     0          0         0     5111      49    0    1    0     0       0          0
s4-eth22:    1966      23    0    0    0     0          0         0     5314      50    0    0    0     0       0          0
s4-eth23:    1966      23    0    0    0     0          0         0     5314      50    0    0    0     0       0          0
s4-eth24:    1966      23    0    0    0     0          0         0     5314      50    0    0    0     0       0          0
s4-eth25:    1966      23    0    0    0     0          0         0     5314      50    0    0    0     0       0          0
s4-eth26:    1896      22    0    0    0     0          0         0     5314      50    0    0    0     0       0          0
s4-eth27:    1966      23    0    0    0     0          0         0     5314      50    0    0    0     0       0          0
s4-eth28:    1966      23    0    0    0     0          0         0     5314      50    0    0    0     0       0          0
s4-eth29:    1966      23    0    0    0     0          0         0     5314      50    0    0    0     0       0          0
s4-eth30:    1876      22    0    0    0     0          0         0     5224      49    0    0    0     0       0          0
s4-eth31:    1876      22    0    0    0     0          0         0     5314      50    0    0    0     0       0          0
s4-eth32:    1896      22    0    0    0     0          0         0     5314      50    0    0    0     0       0          0
s4-eth33:    1896      22    0    0    0     0          0         0     5314      50    0    0    0     0       0          0
s4-eth34:    1966      23    0    0    0     0          0         0     5314      50    0    0    0     0       0          0
s5-eth1:    7913      63    0    0    0     0          0         0     8025      64    0    0    0     0       0          0
s1-eth1:    8025      64    0    0    0     0          0         0     7913      63    0    0    0     0       0          0
s6-eth1:    5168      49    0    0    0     0          0         0     7913      63    0    0    0     0       0          0
s1-eth2:    7913      63    0    0    0     0          0         0     5168      49    0    0    0     0       0          0
s5-eth2:    7940      63    0    0    0     0          0         0     4814      45    0    0    0     0       0          0
s2-eth1:    4814      45    0    0    0     0          0         0     7940      63    0    0    0     0       0          0
s6-eth2:    4874      46    0    0    0     0          0         0     5168      49    0    0    0     0       0          0
s2-eth2:    5168      49    0    0    0     0          0         0     4874      46    0    0    0     0       0          0
s7-eth1:    7646      60    0    0    0     0          0         0     7646      60    0    0    0     0       0          0
s3-eth1:    7646      60    0    0    0     0          0         0     7646      60    0    0    0     0       0          0
s8-eth1:    4874      46    0    0    0     0          0         0     7586      59    0    0    0     0       0          0
s3-eth2:    7586      59    0    0    0     0          0         0     4874      46    0    0    0     0       0          0
s7-eth2:    7646      60    0    0    0     0          0         0     4874      46    0    0    0     0       0          0
s4-eth1:    4874      46    0    0    0     0          0         0     7646      60    0    0    0     0       0          0
s8-eth2:    4874      46    0    0    0     0          0         0     4611      44    0    0    0     0       0          0
s4-eth2:    4611      44    0    0    0     0          0         0     4874      46    0    0    0     0       0          0
s9-eth1:    4814      45    0    0    0     0          0         0     7646      60    0    0    0     0       0          0
s5-eth3:    7646      60    0    0    0     0          0         0     4814      45    0    0    0     0       0          0
s10-eth1:    4874      46    0    0    0     0          0         0     7586      59    0    0    0     0       0          0
s5-eth4:    7586      59    0    0    0     0          0         0     4874      46    0    0    0     0       0          0
s9-eth2:    4874      46    0    0    0     0          0         0     4874      46    0    0    0     0       0          0
s6-eth3:    4874      46    0    0    0     0          0         0     4874      46    0    0    0     0       0          0
s10-eth2:    4874      46    0    0    0     0          0         0     4814      45    0    0    0     0       0          0
s6-eth4:    4814      45    0    0    0     0          0         0     4874      46    0    0    0     0       0          0
s9-eth3:    4874      46    0    0    0     0          0         0     4874      46    0    0    0     0       0          0
s7-eth3:    4874      46    0    0    0     0          0         0     4874      46    0    0    0     0       0          0
s10-eth3:    4874      46    0    0    0     0          0         0     4814      45    0    0    0     0       0          0
s7-eth4:    4814      45    0    0    0     0          0         0     4874      46    0    0    0     0       0          0
s9-eth4:    4814      45    0    0    0     0          0         0     4874      46    0    0    0     0       0          0
s8-eth3:    4874      46    0    0    0     0          0         0     4814      45    0    0    0     0       0          0
s10-eth4:    4671      45    0    0    0     0          0         0     4814      45    0    0    0     0       0          0
s8-eth4:    4814      45    0    0    0     0          0         0     4671      45    0    0    0     0       0          0
