s1-eth3: 643737332  446820    0    0    0     0          0         0    35221     374    0    0    0     0       0          0
s1-eth4:   31602     357    0    0    0     0          0         0 496642281  344824    0    0    0     0       0          0
s1-eth5:    1632      20    0    0    0     0          0         0     5091      35    0    0    0     0       0          0
s1-eth6:    1632      20    0    0    0     0          0         0     4931      33    0    0    0     0       0          0
s1-eth7:    1562      19    0    0    0     0          0         0     5091      35    0    0    0     0       0          0
s1-eth8:    1632      20    0    0    0     0          0         0     5091      35    0    0    0     0       0          0
s1-eth9:    1542      19    0    0    0     0          0         0     5001      34    0    0    0     0       0          0
s1-eth10:    1632      20    0    0    0     0          0         0     5091      35    0    0    0     0       0          0
s1-eth11:    1632      20    0    0    0     0          0         0     5091      35    0    0    0     0       0          0
s1-eth12:    1632      20    0    0    0     0          0         0     5021      34    0    0    0     0       0          0
s1-eth13:    1632      20    0    0    0     0          0         0     5091      35    0    0    0     0       0          0
s1-eth14:    1632      20    0    0    0     0          0         0     4931      33    0    0    0     0       0          0
s1-eth15:    1632      20    0    0    0     0          0         0     5091      35    0    0    0     0       0          0
s1-eth16:    1632      20    0    0    0     0          0         0     5091      35    0    0    0     0       0          0
s1-eth17:    1632      20    0    0    0     0          0         0     5001      34    0    0    0     0       0          0
s1-eth18:    1632      20    0    0    0     0          0         0     5091      35    0    0    0     0       0          0
s1-eth19:    1632      20    0    0    0     0          0         0     5091      35    0    0    0     0       0          0
s1-eth20:    1632      20    0    0    0     0          0         0     5091      35    0    0    0     0       0          0
s1-eth21:    1542      19    0    0    0     0          0         0     5001      34    0    0    0     0       0          0
s1-eth22:    1632      20    0    0    0     0          0         0     5001      34    0    0    0     0       0          0
s1-eth23:    1632      20    0    0    0     0          0         0     5091      35    0    0    0     0       0          0
s1-eth24:    1632      20    0    0    0     0          0         0     5091      35    0    0    0     0       0          0
s1-eth25:    1542      19    0    0    0     0          0         0     5091      35    0    0    0     0       0          0
s1-eth26:    1632      20    0    0    0     0          0         0     4981      34    0    1    0     0       0          0
s1-eth27:    1632      20    0    0    0     0          0         0     5001      34    0    0    0     0       0          0
s1-eth28:    1542      19    0    0    0     0          0         0     5001      34    0    0    0     0       0          0
s1-eth29:    1632      20    0    0    0     0          0         0     5001      34    0    0    0     0       0          0
s1-eth30:    1632      20    0    0    0     0          0         0     5001      34    0    0    0     0       0          0
s1-eth31:    1562      19    0    0    0     0          0         0     5091      35    0    0    0     0       0          0
s1-eth32:    1632      20    0    0    0     0          0         0     5091      35    0    0    0     0       0          0
s1-eth33:    1562      19    0    0    0     0          0         0     4888      34    0    1    0     0       0          0
s1-eth34:    1542      19    0    0    0     0          0         0     5111      35    0    0    0     0       0          0
s3-eth3:    1632      20    0    0    0     0          0         0     5091      35    0    0    0     0       0          0
s3-eth4:    1542      19    0    0    0     0          0         0     5021      34    0    0    0     0       0          0
s3-eth5:    1632      20    0    0    0     0          0         0     5001      34    0    0    0     0       0          0
s3-eth6:    1542      19    0    0    0     0          0         0     5001      34    0    0    0     0       0          0
s3-eth7:    1542      19    0    0    0     0          0         0     5021      34    0    0    0     0       0          0
s3-eth8:    1542      19    0    0    0     0          0         0     5001      34    0    0    0     0       0          0
s3-eth9:    1542      19    0    0    0     0          0         0     5091      35    0    0    0     0       0          0
s3-eth10:    1542      19    0    0    0     0          0         0     5021      34    0    0    0     0       0          0
s3-eth11:    1632      20    0    0    0     0          0         0     5021      34    0    0    0     0       0          0
s3-eth12:    1562      19    0    0    0     0          0         0     5001      34    0    0    0     0       0          0
s3-eth13:    1632      20    0    0    0     0          0         0     5091      35    0    0    0     0       0          0
s3-eth14:    1542      19    0    0    0     0          0         0     5001      34    0    0    0     0       0          0
s3-eth15:    1542      19    0    0    0     0          0         0     5001      34    0    0    0     0       0          0
s3-eth16:    1542      19    0    0    0     0          0         0     5001      34    0    0    0     0       0          0
s3-eth17:    1542      19    0    0    0     0          0         0     4981      34    0    0    0     0       0          0
s3-eth18:    1382      17    0    0    0     0          0         0     5001      34    0    0    0     0       0          0
s3-eth19:    1472      18    0    0    0     0          0         0     5091      35    0    0    0     0       0          0
s3-eth20:    1542      19    0    0    0     0          0         0     5091      35    0    0    0     0       0          0
s3-eth21:    1542      19    0    0    0     0          0         0     5091      35    0    0    0     0       0          0
s3-eth22:    1542      19    0    0    0     0          0         0     5001      34    0    0    0     0       0          0
s3-eth23:    1542      19    0    0    0     0          0         0     5001      34    0    0    0     0       0          0
s3-eth24:    1632      20    0    0    0     0          0         0     4931      33    0    0    0     0       0          0
s3-eth25:    1542      19    0    0    0     0          0         0     4931      33    0    0    0     0       0          0
s3-eth26:    1632      20    0    0    0     0          0         0     4981      34    0    0    0     0       0          0
s3-eth27:    1632      20    0    0    0     0          0         0     5091      35    0    0    0     0       0          0
s3-eth28:    1542      19    0    0    0     0          0         0     4911      33    0    0    0     0       0          0
s3-eth29:    1382      17    0    0    0     0          0         0     5091      35    0    0    0     0       0          0
s3-eth30:    1542      19    0    0    0     0          0         0     4981      34    0    0    0     0       0          0
s3-eth31:    1632      20    0    0    0     0          0         0     4911      33    0    0    0     0       0          0
s3-eth32:    1542      19    0    0    0     0          0         0     5001      34    0    0    0     0       0          0
s3-eth33:    1382      17    0    0    0     0          0         0     5091      35    0    0    0     0       0          0
s3-eth34:    1542      19    0    0    0     0          0         0     5001      34    0    0    0     0       0          0
s1-eth1:   11135     265    0    0    0     0          0         0    11135     265    0    0    0     0       0          0
s1-eth2:   11135     265    0    0    0     0          0         0    11135     265    0    0    0     0       0          0
s3-eth1:   11065     264    0    0    0     0          0         0    11135     265    0    0    0     0       0          0
s3-eth2:   11135     265    0    0    0     0          0         0     9105     255    0    0    0     0       0          0
