s1-eth3: 24739180   17318    0    0    0     0          0         0    16479     163    0    0    0     0       0          0
s1-eth4:   12860     146    0    0    0     0          0         0 24742479   17331    0    0    0     0       0          0
s1-eth5:    1562      19    0    0    0     0          0         0     5091      35    0    0    0     0       0          0
s1-eth6:    1632      20    0    0    0     0          0         0     4931      33    0    0    0     0       0          0
s1-eth7:    1562      19    0    0    0     0          0         0     5021      34    0    0    0     0       0          0
s1-eth8:    1562      19    0    0    0     0          0         0     5021      34    0    0    0     0       0          0
s1-eth9:    1472      18    0    0    0     0          0         0     5001      34    0    0    0     0       0          0
s1-eth10:    1632      20    0    0    0     0          0         0     5091      35    0    0    0     0       0          0
s1-eth11:    1632      20    0    0    0     0          0         0     5091      35    0    0    0     0       0          0
s1-eth12:    1632      20    0    0    0     0          0         0     5021      34    0    0    0     0       0          0
s1-eth13:    1562      19    0    0    0     0          0         0     5091      35    0    0    0     0       0          0
s1-eth14:    1632      20    0    0    0     0          0         0     4931      33    0    0    0     0       0          0
s1-eth15:    1562      19    0    0    0     0          0         0     5021      34    0    0    0     0       0          0
s1-eth16:    1632      20    0    0    0     0          0         0     5091      35    0    0    0     0       0          0
s1-eth17:    1562      19    0    0    0     0          0         0     4931      33    0    0    0     0       0          0
s1-eth18:    1632      20    0    0    0     0          0         0     5021      34    0    0    0     0       0          0
s1-eth19:    1632      20    0    0    0     0          0         0     5091      35    0    0    0     0       0          0
s1-eth20:    1632      20    0    0    0     0          0         0     5021      34    0    0    0     0       0          0
s1-eth21:    1542      19    0    0    0     0          0         0     5001      34    0    0    0     0       0          0
s1-eth22:    1562      19    0    0    0     0          0         0     4931      33    0    0    0     0       0          0
s1-eth23:    1562      19    0    0    0     0          0         0     5091      35    0    0    0     0       0          0
s1-eth24:    1562      19    0    0    0     0          0         0     5091      35    0    0    0     0       0          0
s1-eth25:    1472      18    0    0    0     0          0         0     5021      34    0    0    0     0       0          0
s1-eth26:    1632      20    0    0    0     0          0         0     4911      33    0    1    0     0       0          0
s1-eth27:    1632      20    0    0    0     0          0         0     4931      33    0    0    0     0       0          0
s1-eth28:    1472      18    0    0    0     0          0         0     5001      34    0    0    0     0       0          0
s1-eth29:    1562      19    0    0    0     0          0         0     5001      34    0    0    0     0       0          0
s1-eth30:    1632      20    0    0    0     0          0         0     4931      33    0    0    0     0       0          0
s1-eth31:    1562      19    0    0    0     0          0         0     5091      35    0    0    0     0       0          0
s1-eth32:    1632      20    0    0    0     0          0         0     5021      34    0    0    0     0       0          0
s1-eth33:    1562      19    0    0    0     0          0         0     4818      33    0    1    0     0       0          0
s1-eth34:    1472      18    0    0    0     0          0         0     5041      34    0    0    0     0       0          0
s3-eth3:    1562      19    0    0    0     0          0         0     5091      35    0    0    0     0       0          0
s3-eth4:    1542      19    0    0    0     0          0         0     5021      34    0    0    0     0       0          0
s3-eth5:    1632      20    0    0    0     0          0         0     5001      34    0    0    0     0       0          0
s3-eth6:    1542      19    0    0    0     0          0         0     4931      33    0    0    0     0       0          0
s3-eth7:    1542      19    0    0    0     0          0         0     5021      34    0    0    0     0       0          0
s3-eth8:    1542      19    0    0    0     0          0         0     4931      33    0    0    0     0       0          0
s3-eth9:    1542      19    0    0    0     0          0         0     5091      35    0    0    0     0       0          0
s3-eth10:    1542      19    0    0    0     0          0         0     5021      34    0    0    0     0       0          0
s3-eth11:    1562      19    0    0    0     0          0         0     5021      34    0    0    0     0       0          0
s3-eth12:    1562      19    0    0    0     0          0         0     4931      33    0    0    0     0       0          0
s3-eth13:    1562      19    0    0    0     0          0         0     5091      35    0    0    0     0       0          0
s3-eth14:    1542      19    0    0    0     0          0         0     5001      34    0    0    0     0       0          0
s3-eth15:    1472      18    0    0    0     0          0         0     4931      33    0    0    0     0       0          0
s3-eth16:    1542      19    0    0    0     0          0         0     4931      33    0    0    0     0       0          0
s3-eth17:    1542      19    0    0    0     0          0         0     4981      34    0    0    0     0       0          0
s3-eth18:    1382      17    0    0    0     0          0         0     5001      34    0    0    0     0       0          0
s3-eth19:    1472      18    0    0    0     0          0         0     5021      34    0    0    0     0       0          0
s3-eth20:    1542      19    0    0    0     0          0         0     5021      34    0    0    0     0       0          0
s3-eth21:    1542      19    0    0    0     0          0         0     5091      35    0    0    0     0       0          0
s3-eth22:    1542      19    0    0    0     0          0         0     4931      33    0    0    0     0       0          0
s3-eth23:    1542      19    0    0    0     0          0         0     4931      33    0    0    0     0       0          0
s3-eth24:    1562      19    0    0    0     0          0         0     4931      33    0    0    0     0       0          0
s3-eth25:    1472      18    0    0    0     0          0         0     4931      33    0    0    0     0       0          0
s3-eth26:    1562      19    0    0    0     0          0         0     4981      34    0    0    0     0       0          0
s3-eth27:    1562      19    0    0    0     0          0         0     5091      35    0    0    0     0       0          0
s3-eth28:    1542      19    0    0    0     0          0         0     4911      33    0    0    0     0       0          0
s3-eth29:    1312      16    0    0    0     0          0         0     5091      35    0    0    0     0       0          0
s3-eth30:    1542      19    0    0    0     0          0         0     4981      34    0    0    0     0       0          0
s3-eth31:    1632      20    0    0    0     0          0         0     4911      33    0    0    0     0       0          0
s3-eth32:    1472      18    0    0    0     0          0         0     5001      34    0    0    0     0       0          0
s3-eth33:    1312      16    0    0    0     0          0         0     5021      34    0    0    0     0       0          0
s3-eth34:    1542      19    0    0    0     0          0         0     5001      34    0    0    0     0       0          0
s1-eth1:   10336     237    0    0    0     0          0         0    10406     238    0    0    0     0       0          0
s1-eth2:   10336     237    0    0    0     0          0         0    10406     238    0    0    0     0       0          0
s3-eth1:   10336     237    0    0    0     0          0         0    10336     237    0    0    0     0       0          0
s3-eth2:   10336     237    0    0    0     0          0         0     8306     227    0    0    0     0       0          0
