s1-eth3: 2578359    1818    0    0    0     0          0         0     5167      41    0    0    0     0       0          0
s1-eth4:    2723      31    0    0    0     0          0         0  2580713    1827    0    0    0     0       0          0
s1-eth5:    1282      15    0    0    0     0          0         0     3726      25    0    0    0     0       0          0
s1-eth6:    1282      15    0    0    0     0          0         0     3726      25    0    0    0     0       0          0
s1-eth7:    1282      15    0    0    0     0          0         0     3636      24    0    0    0     0       0          0
s1-eth8:    1282      15    0    0    0     0          0         0     3726      25    0    0    0     0       0          0
s1-eth9:    1282      15    0    0    0     0          0         0     3726      25    0    0    0     0       0          0
s1-eth10:    1282      15    0    0    0     0          0         0     3726      25    0    0    0     0       0          0
s1-eth11:    1282      15    0    0    0     0          0         0     3726      25    0    0    0     0       0          0
s1-eth12:    1282      15    0    0    0     0          0         0     3726      25    0    0    0     0       0          0
s1-eth13:    1282      15    0    0    0     0          0         0     3726      25    0    0    0     0       0          0
s1-eth14:    1282      15    0    0    0     0          0         0     3726      25    0    0    0     0       0          0
s1-eth15:    1282      15    0    0    0     0          0         0     3726      25    0    0    0     0       0          0
s1-eth16:    1192      14    0    0    0     0          0         0     3726      25    0    0    0     0       0          0
s1-eth17:    1192      14    0    0    0     0          0         0     3726      25    0    0    0     0       0          0
s1-eth18:    1282      15    0    0    0     0          0         0     3726      25    0    0    0     0       0          0
s1-eth19:    1282      15    0    0    0     0          0         0     3636      24    0    0    0     0       0          0
s1-eth20:    1192      14    0    0    0     0          0         0     3726      25    0    0    0     0       0          0
s1-eth21:    1192      14    0    0    0     0          0         0     3636      24    0    0    0     0       0          0
s1-eth22:    1282      15    0    0    0     0          0         0     3726      25    0    0    0     0       0          0
s1-eth23:    1282      15    0    0    0     0          0         0     3796      26    0    0    0     0       0          0
s1-eth24:    1282      15    0    0    0     0          0         0     3726      25    0    0    0     0       0          0
s1-eth25:    1282      15    0    0    0     0          0         0     3726      25    0    0    0     0       0          0
s1-eth26:    1192      14    0    0    0     0          0         0     3726      25    0    0    0     0       0          0
s1-eth27:    1282      15    0    0    0     0          0         0     3636      24    0    0    0     0       0          0
s1-eth28:    1282      15    0    0    0     0          0         0     3636      24    0    0    0     0       0          0
s1-eth29:    1282      15    0    0    0     0          0         0     3636      24    0    0    0     0       0          0
s1-eth30:    1282      15    0    0    0     0          0         0     3636      24    0    0    0     0       0          0
s1-eth31:    1282      15    0    0    0     0          0         0     3636      24    0    0    0     0       0          0
s1-eth32:    1282      15    0    0    0     0          0         0     3726      25    0    0    0     0       0          0
s1-eth33:    1192      14    0    0    0     0          0         0     3726      25    0    0    0     0       0          0
s1-eth34:    1282      15    0    0    0     0          0         0     3726      25    0    0    0     0       0          0
s3-eth3:    1192      14    0    0    0     0          0         0     3726      25    0    0    0     0       0          0
s3-eth4:    1192      14    0    0    0     0          0         0     3726      25    0    0    0     0       0          0
s3-eth5:    1192      14    0    0    0     0          0         0     3493      24    0    1    0     0       0          0
s3-eth6:    1192      14    0    0    0     0          0         0     3636      24    0    0    0     0       0          0
s3-eth7:    1282      15    0    0    0     0          0         0     3726      25    0    0    0     0       0          0
s3-eth8:    1282      15    0    0    0     0          0         0     3636      24    0    0    0     0       0          0
s3-eth9:    1192      14    0    0    0     0          0         0     3636      24    0    0    0     0       0          0
s3-eth10:    1192      14    0    0    0     0          0         0     3636      24    0    0    0     0       0          0
s3-eth11:    1032      12    0    0    0     0          0         0     3636      24    0    0    0     0       0          0
s3-eth12:    1192      14    0    0    0     0          0         0     3636      24    0    0    0     0       0          0
s3-eth13:    1282      15    0    0    0     0          0         0     3636      24    0    0    0     0       0          0
s3-eth14:    1282      15    0    0    0     0          0         0     3636      24    0    0    0     0       0          0
s3-eth15:    1282      15    0    0    0     0          0         0     3636      24    0    0    0     0       0          0
s3-eth16:    1282      15    0    0    0     0          0         0     3616      24    0    0    0     0       0          0
s3-eth17:    1282      15    0    0    0     0          0         0     3726      25    0    0    0     0       0          0
s3-eth18:    1192      14    0    0    0     0          0         0     3636      24    0    0    0     0       0          0
s3-eth19:    1032      12    0    0    0     0          0         0     3636      24    0    0    0     0       0          0
s3-eth20:    1282      15    0    0    0     0          0         0     3636      24    0    0    0     0       0          0
s3-eth21:    1192      14    0    0    0     0          0         0     3636      24    0    0    0     0       0          0
s3-eth22:    1282      15    0    0    0     0          0         0     3636      24    0    0    0     0       0          0
s3-eth23:    1192      14    0    0    0     0          0         0     3636      24    0    0    0     0       0          0
s3-eth24:    1282      15    0    0    0     0          0         0     3636      24    0    0    0     0       0          0
s3-eth25:    1192      14    0    0    0     0          0         0     3616      24    0    0    0     0       0          0
s3-eth26:    1032      12    0    0    0     0          0         0     3636      24    0    0    0     0       0          0
s3-eth27:    1282      15    0    0    0     0          0         0     3726      25    0    0    0     0       0          0
s3-eth28:    1192      14    0    0    0     0          0         0     3636      24    0    0    0     0       0          0
s3-eth29:    1192      14    0    0    0     0          0         0     3616      24    0    0    0     0       0          0
s3-eth30:    1282      15    0    0    0     0          0         0     3616      24    0    0    0     0       0          0
s3-eth31:    1032      12    0    0    0     0          0         0     3616      24    0    0    0     0       0          0
s3-eth32:    1192      14    0    0    0     0          0         0     3636      24    0    0    0     0       0          0
s3-eth33:    1192      14    0    0    0     0          0         0     3726      25    0    0    0     0       0          0
s3-eth34:    1032      12    0    0    0     0          0         0     3616      24    0    0    0     0       0          0
s1-eth1:    3722      31    0    0    0     0          0         0     2707      26    0    0    0     0       0          0
s1-eth2:    3722      31    0    0    0     0          0         0     2504      25    0    0    0     0       0          0
s3-eth1:    3722      31    0    0    0     0          0         0     2707      26    0    0    0     0       0          0
s3-eth2:    3722      31    0    0    0     0          0         0     2707      26    0    0    0     0       0          0
