s1-eth3: 2578561    1821    0    0    0     0          0         0     5150      41    0    0    0     0       0          0
s1-eth4:    2706      31    0    0    0     0          0         0  2580935    1830    0    0    0     0       0          0
s1-eth5:    1282      15    0    0    0     0          0         0     3726      25    0    0    0     0       0          0
s1-eth6:    1282      15    0    0    0     0          0         0     3796      26    0    0    0     0       0          0
s1-eth7:    1352      16    0    0    0     0          0         0     3796      26    0    0    0     0       0          0
s1-eth8:    1192      14    0    0    0     0          0         0     3726      25    0    0    0     0       0          0
s1-eth9:    1282      15    0    0    0     0          0         0     3726      25    0    0    0     0       0          0
s1-eth10:    1352      16    0    0    0     0          0         0     3726      25    0    0    0     0       0          0
s1-eth11:    1282      15    0    0    0     0          0         0     3796      26    0    0    0     0       0          0
s1-eth12:    1282      15    0    0    0     0          0         0     3796      26    0    0    0     0       0          0
s1-eth13:    1352      16    0    0    0     0          0         0     3726      25    0    0    0     0       0          0
s1-eth14:    1282      15    0    0    0     0          0         0     3636      24    0    0    0     0       0          0
s1-eth15:    1352      16    0    0    0     0          0         0     3636      24    0    0    0     0       0          0
s1-eth16:    1352      16    0    0    0     0          0         0     3796      26    0    0    0     0       0          0
s1-eth17:    1282      15    0    0    0     0          0         0     3636      24    0    0    0     0       0          0
s1-eth18:    1352      16    0    0    0     0          0         0     3796      26    0    0    0     0       0          0
s1-eth19:    1282      15    0    0    0     0          0         0     3796      26    0    0    0     0       0          0
s1-eth20:    1282      15    0    0    0     0          0         0     3726      25    0    0    0     0       0          0
s1-eth21:    1282      15    0    0    0     0          0         0     3796      26    0    0    0     0       0          0
s1-eth22:    1352      16    0    0    0     0          0         0     3636      24    0    0    0     0       0          0
s1-eth23:    1352      16    0    0    0     0          0         0     3726      25    0    0    0     0       0          0
s1-eth24:    1352      16    0    0    0     0          0         0     3726      25    0    0    0     0       0          0
s1-eth25:    1192      14    0    0    0     0          0         0     3726      25    0    0    0     0       0          0
s1-eth26:    1352      16    0    0    0     0          0         0     3636      24    0    0    0     0       0          0
s1-eth27:    1192      14    0    0    0     0          0         0     3726      25    0    0    0     0       0          0
s1-eth28:    1282      15    0    0    0     0          0         0     3796      26    0    0    0     0       0          0
s1-eth29:    1352      16    0    0    0     0          0         0     3796      26    0    0    0     0       0          0
s1-eth30:    1282      15    0    0    0     0          0         0     3706      25    0    0    0     0       0          0
s1-eth31:    1192      14    0    0    0     0          0         0     3796      26    0    0    0     0       0          0
s1-eth32:    1282      15    0    0    0     0          0         0     3636      24    0    0    0     0       0          0
s1-eth33:    1262      15    0    0    0     0          0         0     3726      25    0    0    0     0       0          0
s1-eth34:    1352      16    0    0    0     0          0         0     3726      25    0    0    0     0       0          0
s3-eth3:    1192      14    0    0    0     0          0         0     3796      26    0    0    0     0       0          0
s3-eth4:    1352      16    0    0    0     0          0         0     3636      24    0    0    0     0       0          0
s3-eth5:    1282      15    0    0    0     0          0         0     3796      26    0    0    0     0       0          0
s3-eth6:    1282      15    0    0    0     0          0         0     3726      25    0    0    0     0       0          0
s3-eth7:    1282      15    0    0    0     0          0         0     3796      26    0    0    0     0       0          0
s3-eth8:    1192      14    0    0    0     0          0         0     3726      25    0    0    0     0       0          0
s3-eth9:    1352      16    0    0    0     0          0         0     3636      24    0    0    0     0       0          0
s3-eth10:    1282      15    0    0    0     0          0         0     3656      24    0    0    0     0       0          0
s3-eth11:    1352      16    0    0    0     0          0         0     3726      25    0    0    0     0       0          0
s3-eth12:    1262      15    0    0    0     0          0         0     3796      26    0    0    0     0       0          0
s3-eth13:    1352      16    0    0    0     0          0         0     3706      25    0    0    0     0       0          0
s3-eth14:    1192      14    0    0    0     0          0         0     3636      24    0    0    0     0       0          0
s3-eth15:    1192      14    0    0    0     0          0         0     3726      25    0    0    0     0       0          0
s3-eth16:    1192      14    0    0    0     0          0         0     3636      24    0    0    0     0       0          0
s3-eth17:    1192      14    0    0    0     0          0         0     3796      26    0    0    0     0       0          0
s3-eth18:    1192      14    0    0    0     0          0         0     3706      25    0    0    0     0       0          0
s3-eth19:    1282      15    0    0    0     0          0         0     3726      25    0    0    0     0       0          0
s3-eth20:    1282      15    0    0    0     0          0         0     3706      25    0    0    0     0       0          0
s3-eth21:    1192      14    0    0    0     0          0         0     3726      25    0    0    0     0       0          0
s3-eth22:    1352      16    0    0    0     0          0         0     3505      24    0    1    0     0       0          0
s3-eth23:    1352      16    0    0    0     0          0         0     3726      25    0    0    0     0       0          0
s3-eth24:    1262      15    0    0    0     0          0         0     3636      24    0    0    0     0       0          0
s3-eth25:    1282      15    0    0    0     0          0         0     3726      25    0    0    0     0       0          0
s3-eth26:    1352      16    0    0    0     0          0         0     3726      25    0    0    0     0       0          0
s3-eth27:    1352      16    0    0    0     0          0         0     3706      25    0    0    0     0       0          0
s3-eth28:    1282      15    0    0    0     0          0         0     3636      24    0    0    0     0       0          0
s3-eth29:    1032      12    0    0    0     0          0         0     3706      25    0    0    0     0       0          0
s3-eth30:    1282      15    0    0    0     0          0         0     3636      24    0    0    0     0       0          0
s3-eth31:    1352      16    0    0    0     0          0         0     3656      24    0    0    0     0       0          0
s3-eth32:    1282      15    0    0    0     0          0         0     3636      24    0    0    0     0       0          0
s3-eth33:    1282      15    0    0    0     0          0         0     3706      25    0    0    0     0       0          0
s3-eth34:    1192      14    0    0    0     0          0         0     3636      24    0    0    0     0       0          0
s1-eth1:    3819      33    0    0    0     0          0         0     3749      32    0    0    0     0       0          0
s1-eth2:    3749      32    0    0    0     0          0         0     3819      33    0    0    0     0       0          0
s3-eth1:    3749      32    0    0    0     0          0         0     3749      32    0    0    0     0       0          0
s3-eth2:    3819      33    0    0    0     0          0         0     3819      33    0    0    0     0       0          0
