s1-eth3: 5168532906 3584686    0    0    0     0          0         0    37117     397    0    0    0     0       0          0
s1-eth4:   34064     384    0    0    0     0          0         0 4640644273 3218616    0    0    0     0       0          0
s1-eth5:    1492      18    0    0    0     0          0         0     4475      30    0    0    0     0       0          0
s1-eth6:    1422      17    0    0    0     0          0         0     4545      31    0    0    0     0       0          0
s1-eth7:    1492      18    0    0    0     0          0         0     4545      31    0    0    0     0       0          0
s1-eth8:    1402      17    0    0    0     0          0         0     4475      30    0    0    0     0       0          0
s1-eth9:    1492      18    0    0    0     0          0         0     4475      30    0    0    0     0       0          0
s1-eth10:    1492      18    0    0    0     0          0         0     4545      31    0    0    0     0       0          0
s1-eth11:    1492      18    0    0    0     0          0         0     4545      31    0    0    0     0       0          0
s1-eth12:    1492      18    0    0    0     0          0         0     4545      31    0    0    0     0       0          0
s1-eth13:    1492      18    0    0    0     0          0         0     4545      31    0    0    0     0       0          0
s1-eth14:    1492      18    0    0    0     0          0         0     4385      29    0    0    0     0       0          0
s1-eth15:    1492      18    0    0    0     0          0         0     4385      29    0    0    0     0       0          0
s1-eth16:    1492      18    0    0    0     0          0         0     4545      31    0    0    0     0       0          0
s1-eth17:    1492      18    0    0    0     0          0         0     4385      29    0    0    0     0       0          0
s1-eth18:    1492      18    0    0    0     0          0         0     4545      31    0    0    0     0       0          0
s1-eth19:    1492      18    0    0    0     0          0         0     4545      31    0    0    0     0       0          0
s1-eth20:    1492      18    0    0    0     0          0         0     4475      30    0    0    0     0       0          0
s1-eth21:    1422      17    0    0    0     0          0         0     4545      31    0    0    0     0       0          0
s1-eth22:    1492      18    0    0    0     0          0         0     4455      30    0    0    0     0       0          0
s1-eth23:    1492      18    0    0    0     0          0         0     4545      31    0    0    0     0       0          0
s1-eth24:    1492      18    0    0    0     0          0         0     4545      31    0    0    0     0       0          0
s1-eth25:    1402      17    0    0    0     0          0         0     4545      31    0    0    0     0       0          0
s1-eth26:    1492      18    0    0    0     0          0         0     4455      30    0    0    0     0       0          0
s1-eth27:    1402      17    0    0    0     0          0         0     4545      31    0    0    0     0       0          0
s1-eth28:    1492      18    0    0    0     0          0         0     4545      31    0    0    0     0       0          0
s1-eth29:    1492      18    0    0    0     0          0         0     4545      31    0    0    0     0       0          0
s1-eth30:    1492      18    0    0    0     0          0         0     4455      30    0    0    0     0       0          0
s1-eth31:    1332      16    0    0    0     0          0         0     4545      31    0    0    0     0       0          0
s1-eth32:    1492      18    0    0    0     0          0         0     4455      30    0    0    0     0       0          0
s1-eth33:    1402      17    0    0    0     0          0         0     4545      31    0    0    0     0       0          0
s1-eth34:    1492      18    0    0    0     0          0         0     4545      31    0    0    0     0       0          0
s3-eth3:    1332      16    0    0    0     0          0         0     4545      31    0    0    0     0       0          0
s3-eth4:    1492      18    0    0    0     0          0         0     4455      30    0    0    0     0       0          0
s3-eth5:    1492      18    0    0    0     0          0         0     4545      31    0    0    0     0       0          0
s3-eth6:    1492      18    0    0    0     0          0         0     4545      31    0    0    0     0       0          0
s3-eth7:    1492      18    0    0    0     0          0         0     4545      31    0    0    0     0       0          0
s3-eth8:    1402      17    0    0    0     0          0         0     4545      31    0    0    0     0       0          0
s3-eth9:    1492      18    0    0    0     0          0         0     4385      29    0    0    0     0       0          0
s3-eth10:    1492      18    0    0    0     0          0         0     4405      29    0    0    0     0       0          0
s3-eth11:    1492      18    0    0    0     0          0         0     4545      31    0    0    0     0       0          0
s3-eth12:    1402      17    0    0    0     0          0         0     4545      31    0    0    0     0       0          0
s3-eth13:    1492      18    0    0    0     0          0         0     4455      30    0    0    0     0       0          0
s3-eth14:    1402      17    0    0    0     0          0         0     4455      30    0    0    0     0       0          0
s3-eth15:    1402      17    0    0    0     0          0         0     4545      31    0    0    0     0       0          0
s3-eth16:    1402      17    0    0    0     0          0         0     4455      30    0    0    0     0       0          0
s3-eth17:    1332      16    0    0    0     0          0         0     4545      31    0    0    0     0       0          0
s3-eth18:    1402      17    0    0    0     0          0         0     4455      30    0    0    0     0       0          0
s3-eth19:    1422      17    0    0    0     0          0         0     4475      30    0    0    0     0       0          0
s3-eth20:    1492      18    0    0    0     0          0         0     4455      30    0    0    0     0       0          0
s3-eth21:    1402      17    0    0    0     0          0         0     4545      31    0    0    0     0       0          0
s3-eth22:    1492      18    0    0    0     0          0         0     4254      29    0    1    0     0       0          0
s3-eth23:    1492      18    0    0    0     0          0         0     4545      31    0    0    0     0       0          0
s3-eth24:    1402      17    0    0    0     0          0         0     4385      29    0    0    0     0       0          0
s3-eth25:    1492      18    0    0    0     0          0         0     4545      31    0    0    0     0       0          0
s3-eth26:    1492      18    0    0    0     0          0         0     4545      31    0    0    0     0       0          0
s3-eth27:    1492      18    0    0    0     0          0         0     4455      30    0    0    0     0       0          0
s3-eth28:    1492      18    0    0    0     0          0         0     4455      30    0    0    0     0       0          0
s3-eth29:    1242      15    0    0    0     0          0         0     4455      30    0    0    0     0       0          0
s3-eth30:    1492      18    0    0    0     0          0         0     4455      30    0    0    0     0       0          0
s3-eth31:    1492      18    0    0    0     0          0         0     4475      30    0    0    0     0       0          0
s3-eth32:    1492      18    0    0    0     0          0         0     4455      30    0    0    0     0       0          0
s3-eth33:    1492      18    0    0    0     0          0         0     4455      30    0    0    0     0       0          0
s3-eth34:    1332      16    0    0    0     0          0         0     4455      30    0    0    0     0       0          0
s1-eth1:    5810      84    0    0    0     0          0         0     5810      84    0    0    0     0       0          0
s1-eth2:    5810      84    0    0    0     0          0         0     5810      84    0    0    0     0       0          0
s3-eth1:    5810      84    0    0    0     0          0         0     5810      84    0    0    0     0       0          0
s3-eth2:    5810      84    0    0    0     0          0         0     5810      84    0    0    0     0       0          0
