s1-eth3: 44037387982 47131429    0    0    0     0          0         0 53041352981 35051683    0    0    0     0       0          0
s1-eth4: 53469454317 35316794    0    0    0     0          0         0 1158278640 17375523    0    0    0     0       0          0
s1-eth5:    2052      26    0    0    0     0          0         0     9237      58    0    0    0     0       0          0
s1-eth6:    1982      25    0    0    0     0          0         0     9342      59    0    0    0     0       0          0
s1-eth7:    1982      25    0    0    0     0          0         0     9237      58    0    0    0     0       0          0
s1-eth8:    1982      25    0    0    0     0          0         0     9167      57    0    0    0     0       0          0
s1-eth9:    2052      26    0    0    0     0          0         0     9237      58    0    0    0     0       0          0
s1-eth10:    1982      25    0    0    0     0          0         0     9237      58    0    0    0     0       0          0
s1-eth11:    2052      26    0    0    0     0          0         0     9237      58    0    0    0     0       0          0
s1-eth12:    2052      26    0    0    0     0          0         0     9237      58    0    0    0     0       0          0
s1-eth13:    2052      26    0    0    0     0          0         0     9237      58    0    0    0     0       0          0
s1-eth14:    2052      26    0    0    0     0          0         0     9167      57    0    0    0     0       0          0
s1-eth15:    1982      25    0    0    0     0          0         0     9237      58    0    0    0     0       0          0
s1-eth16:    1982      25    0    0    0     0          0         0     9167      57    0    0    0     0       0          0
s1-eth17:    1982      25    0    0    0     0          0         0     9237      58    0    0    0     0       0          0
s1-eth18:    2052      26    0    0    0     0          0         0     9237      58    0    0    0     0       0          0
s1-eth19:    1982      25    0    0    0     0          0         0     9237      58    0    0    0     0       0          0
s1-eth20:    1982      25    0    0    0     0          0         0     9237      58    0    0    0     0       0          0
s1-eth21:    2052      26    0    0    0     0          0         0     9342      59    0    0    0     0       0          0
s1-eth22:    2052      26    0    0    0     0          0         0     9237      58    0    0    0     0       0          0
s1-eth23:    2052      26    0    0    0     0          0         0     9167      57    0    0    0     0       0          0
s1-eth24:    2052      26    0    0    0     0          0         0     9237      58    0    0    0     0       0          0
s1-eth25:    2052      26    0    0    0     0          0         0     9237      58    0    0    0     0       0          0
s1-eth26:    2052      26    0    0    0     0          0         0     9167      57    0    0    0     0       0          0
s1-eth27:    1982      25    0    0    0     0          0         0     9167      57    0    0    0     0       0          0
s1-eth28:    2052      26    0    0    0     0          0         0     9237      58    0    0    0     0       0          0
s1-eth29:    2052      26    0    0    0     0          0         0     9167      57    0    0    0     0       0          0
s1-eth30:    2052      26    0    0    0     0          0         0     9167      57    0    0    0     0       0          0
s1-eth31:    1982      25    0    0    0     0          0         0     9167      57    0    0    0     0       0          0
s1-eth32:    1982      25    0    0    0     0          0         0     9167      57    0    0    0     0       0          0
s1-eth33:    2052      26    0    0    0     0          0         0     9237      58    0    0    0     0       0          0
s1-eth34:    2052      26    0    0    0     0          0         0     9237      58    0    0    0     0       0          0
s3-eth3: 1639648   18741    0    0    0     0          0         0 24864697988 17262170    0    0    0     0       0          0
s3-eth4:    1982      25    0    0    0     0          0         0     9237      58    0    0    0     0       0          0
s3-eth5:    2052      26    0    0    0     0          0         0     9167      57    0    0    0     0       0          0
s3-eth6:    1982      25    0    0    0     0          0         0     9167      57    0    0    0     0       0          0
s3-eth7:    2052      26    0    0    0     0          0         0     9327      59    0    0    0     0       0          0
s3-eth8:    1982      25    0    0    0     0          0         0     9167      57    0    0    0     0       0          0
s3-eth9:    2052      26    0    0    0     0          0         0     9167      57    0    0    0     0       0          0
s3-eth10:    2052      26    0    0    0     0          0         0     9167      57    0    0    0     0       0          0
s3-eth11:    1982      25    0    0    0     0          0         0     9167      57    0    0    0     0       0          0
s3-eth12:    1982      25    0    0    0     0          0         0     9167      57    0    0    0     0       0          0
s3-eth13:    1982      25    0    0    0     0          0         0     9237      58    0    0    0     0       0          0
s3-eth14:    2052      26    0    0    0     0          0         0     9237      58    0    0    0     0       0          0
s3-eth15:    2052      26    0    0    0     0          0         0     9167      57    0    0    0     0       0          0
s3-eth16:    1982      25    0    0    0     0          0         0     9167      57    0    0    0     0       0          0
s3-eth17:    2052      26    0    0    0     0          0         0     9167      57    0    0    0     0       0          0
s3-eth18:    1982      25    0    0    0     0          0         0     9237      58    0    0    0     0       0          0
s3-eth19:    2052      26    0    0    0     0          0         0     9167      57    0    0    0     0       0          0
s3-eth20:    1982      25    0    0    0     0          0         0     9237      58    0    0    0     0       0          0
s3-eth21:    2052      26    0    0    0     0          0         0     9147      57    0    0    0     0       0          0
s3-eth22:    2052      26    0    0    0     0          0         0     9237      58    0    0    0     0       0          0
s3-eth23:    2052      26    0    0    0     0          0         0     9237      58    0    0    0     0       0          0
s3-eth24:    1982      25    0    0    0     0          0         0     9237      58    0    0    0     0       0          0
s3-eth25:    2052      26    0    0    0     0          0         0     9167      57    0    0    0     0       0          0
s3-eth26:    2052      26    0    0    0     0          0         0     9237      58    0    0    0     0       0          0
s3-eth27:    1962      25    0    0    0     0          0         0     9237      58    0    0    0     0       0          0
s3-eth28:    2052      26    0    0    0     0          0         0     9237      58    0    0    0     0       0          0
s3-eth29:    2052      26    0    0    0     0          0         0     9237      58    0    0    0     0       0          0
s3-eth30:    1982      25    0    0    0     0          0         0     9237      58    0    0    0     0       0          0
s3-eth31:    2052      26    0    0    0     0          0         0     9167      57    0    0    0     0       0          0
s3-eth32:    1982      25    0    0    0     0          0         0     9167      57    0    0    0     0       0          0
s3-eth33:    1982      25    0    0    0     0          0         0     9237      58    0    0    0     0       0          0
s3-eth34:    1982      25    0    0    0     0          0         0     9167      57    0    0    0     0       0          0
s1-eth1: 1749528   22632    0    0    0     0          0         0 27746466825 19264942    0    0    0     0       0          0
s1-eth2:  113612    3927    0    0    0     0          0         0   113640    3927    0    0    0     0       0          0
s3-eth1: 25290693553 17561443    0    0    0     0          0         0  1750125   22636    0    0    0     0       0          0
s3-eth2:  113507    3926    0    0    0     0          0         0   113507    3926    0    0    0     0       0          0
