182176 (python) S 182141 182176 182176 0 -1 4194304 22822 0 150 0 146 6 0 0 20 0 51 0 23976806 3932565504 34111 18446744073709551615 98615197188096 98615199856641 140729964001120 0 0 0 0 16781317 16386 1 0 0 17 6 0 0 0 0 0 98615201357024 98615202197232 98616088141824 140729964003185 140729964003263 140729964003263 140729964007358 0
183168 (grpc_global_tim) S 182141 182176 182176 0 -1 4194368 3 0 0 0 0 0 0 0 20 0 51 0 23976875 3932565504 34111 18446744073709551615 98615197188096 98615199856641 140729964001120 0 0 0 0 16781317 16386 1 0 0 -1 7 0 0 0 0 0 98615201357024 98615202197232 98616088141824 140729964003185 140729964003263 140729964003263 140729964007358 0
183172 (event_engine) S 182141 182176 182176 0 -1 4194368 14 0 0 0 4 1 0 0 20 0 51 0 23976875 3932565504 34111 18446744073709551615 98615197188096 98615199856641 140729964001120 0 0 0 0 16781317 16386 1 0 0 -1 9 0 0 0 0 0 98615201357024 98615202197232 98616088141824 140729964003185 140729964003263 140729964003263 140729964007358 0
183173 (event_engine) S 182141 182176 182176 0 -1 4194368 22 0 0 0 8 3 0 0 20 0 51 0 23976875 3932565504 34111 18446744073709551615 98615197188096 98615199856641 140729964001120 0 0 0 0 16781317 16386 1 0 0 -1 6 0 0 0 0 0 98615201357024 98615202197232 98616088141824 140729964003185 140729964003263 140729964003263 140729964007358 0
183174 (event_engine) S 182141 182176 182176 0 -1 4194368 23 0 1 0 2 2 0 0 20 0 51 0 23976875 3932565504 34111 18446744073709551615 98615197188096 98615199856641 140729964001120 0 0 0 0 16781317 16386 1 0 0 -1 6 0 0 0 0 0 98615201357024 98615202197232 98616088141824 140729964003185 140729964003263 140729964003263 140729964007358 0
183175 (event_engine) S 182141 182176 182176 0 -1 4194368 44 0 12 0 7 4 0 0 20 0 51 0 23976875 3932565504 34111 18446744073709551615 98615197188096 98615199856641 140729964001120 0 0 0 0 16781317 16386 1 0 0 -1 6 0 0 0 0 0 98615201357024 98615202197232 98616088141824 140729964003185 140729964003263 140729964003263 140729964007358 0
183176 (event_engine) S 182141 182176 182176 0 -1 4194368 26 0 0 0 8 1 0 0 20 0 51 0 23976875 3932565504 34111 18446744073709551615 98615197188096 98615199856641 140729964001120 0 0 0 0 16781317 16386 1 0 0 -1 8 0 0 0 0 0 98615201357024 98615202197232 98616088141824 140729964003185 140729964003263 140729964003263 140729964007358 0
183177 (event_engine) S 182141 182176 182176 0 -1 4194368 22 0 0 0 8 4 0 0 20 0 51 0 23976875 3932565504 34111 18446744073709551615 98615197188096 98615199856641 140729964001120 0 0 0 0 16781317 16386 1 0 0 -1 1 0 0 0 0 0 98615201357024 98615202197232 98616088141824 140729964003185 140729964003263 140729964003263 140729964007358 0
183178 (event_engine) S 182141 182176 182176 0 -1 4194368 24 0 0 0 8 3 0 0 20 0 51 0 23976875 3932565504 34111 18446744073709551615 98615197188096 98615199856641 140729964001120 0 0 0 0 16781317 16386 1 0 0 -1 8 0 0 0 0 0 98615201357024 98615202197232 98616088141824 140729964003185 140729964003263 140729964003263 140729964007358 0
183179 (event_engine) S 182141 182176 182176 0 -1 4194368 29 0 0 0 8 2 0 0 20 0 51 0 23976875 3932565504 34111 18446744073709551615 98615197188096 98615199856641 140729964001120 0 0 0 0 16781317 16386 1 0 0 -1 8 0 0 0 0 0 98615201357024 98615202197232 98616088141824 140729964003185 140729964003263 140729964003263 140729964007358 0
183180 (event_engine) S 182141 182176 182176 0 -1 4194368 26 0 2 0 7 3 0 0 20 0 51 0 23976875 3932565504 34111 18446744073709551615 98615197188096 98615199856641 140729964001120 0 0 0 0 16781317 16386 1 0 0 -1 7 0 0 0 0 0 98615201357024 98615202197232 98616088141824 140729964003185 140729964003263 140729964003263 140729964007358 0
183181 (event_engine) S 182141 182176 182176 0 -1 4194368 31 0 0 0 7 3 0 0 20 0 51 0 23976875 3932565504 34111 18446744073709551615 98615197188096 98615199856641 140729964001120 0 0 0 0 16781317 16386 1 0 0 -1 4 0 0 0 0 0 98615201357024 98615202197232 98616088141824 140729964003185 140729964003263 140729964003263 140729964007358 0
183182 (event_engine) S 182141 182176 182176 0 -1 4194368 45 0 5 0 6 5 0 0 20 0 51 0 23976875 3932565504 34111 18446744073709551615 98615197188096 98615199856641 140729964001120 0 0 0 0 16781317 16386 1 0 0 -1 8 0 0 0 0 0 98615201357024 98615202197232 98616088141824 140729964003185 140729964003263 140729964003263 140729964007358 0
183183 (event_engine) S 182141 182176 182176 0 -1 4194368 32 0 0 0 8 4 0 0 20 0 51 0 23976875 3932565504 34111 18446744073709551615 98615197188096 98615199856641 140729964001120 0 0 0 0 16781317 16386 1 0 0 -1 6 0 0 0 0 0 98615201357024 98615202197232 98616088141824 140729964003185 140729964003263 140729964003263 140729964007358 0
183184 (event_engine) S 182141 182176 182176 0 -1 4194368 24 0 0 0 7 3 0 0 20 0 51 0 23976875 3932565504 34111 18446744073709551615 98615197188096 98615199856641 140729964001120 0 0 0 0 16781317 16386 1 0 0 -1 10 0 0 0 0 0 98615201357024 98615202197232 98616088141824 140729964003185 140729964003263 140729964003263 140729964007358 0
183185 (event_engine) S 182141 182176 182176 0 -1 4194368 30 0 0 0 8 3 0 0 20 0 51 0 23976875 3932565504 34111 18446744073709551615 98615197188096 98615199856641 140729964001120 0 0 0 0 16781317 16386 1 0 0 -1 9 0 0 0 0 0 98615201357024 98615202197232 98616088141824 140729964003185 140729964003263 140729964003263 140729964007358 0
183186 (lifeguard) S 182141 182176 182176 0 -1 4194368 2 0 0 0 0 0 0 0 20 0 51 0 23976875 3932565504 34111 18446744073709551615 98615197188096 98615199856641 140729964001120 0 0 0 0 16781317 16386 1 0 0 -1 9 0 0 0 0 0 98615201357024 98615202197232 98616088141824 140729964003185 140729964003263 140729964003263 140729964007358 0
183189 (python) S 182141 182176 182176 0 -1 4194368 7 0 0 0 1 0 0 0 20 0 51 0 23976875 3932565504 34111 18446744073709551615 98615197188096 98615199856641 140729964001120 0 0 0 0 16781317 16386 1 0 0 -1 2 0 0 0 0 0 98615201357024 98615202197232 98616088141824 140729964003185 140729964003263 140729964003263 140729964007358 0
183190 (python) S 182141 182176 182176 0 -1 4194368 7 0 0 0 0 0 0 0 20 0 51 0 23976875 3932565504 34111 18446744073709551615 98615197188096 98615199856641 140729964001120 0 0 0 0 16781317 16386 1 0 0 -1 4 0 0 0 0 0 98615201357024 98615202197232 98616088141824 140729964003185 140729964003263 140729964003263 140729964007358 0
183191 (python) S 182141 182176 182176 0 -1 4194368 794 0 0 0 81 5 0 0 20 0 51 0 23976875 3932565504 34111 18446744073709551615 98615197188096 98615199856641 140729964001120 0 0 0 0 16781317 16386 1 0 0 -1 8 0 0 0 0 0 98615201357024 98615202197232 98616088141824 140729964003185 140729964003263 140729964003263 140729964007358 0
183194 (python) S 182141 182176 182176 0 -1 4194368 7 0 0 0 1 0 0 0 20 0 51 0 23976875 3932565504 34111 18446744073709551615 98615197188096 98615199856641 140729964001120 0 0 0 0 16781317 16386 1 0 0 -1 8 0 0 0 0 0 98615201357024 98615202197232 98616088141824 140729964003185 140729964003263 140729964003263 140729964007358 0
183195 (python) S 182141 182176 182176 0 -1 4194368 6 0 0 0 0 0 0 0 20 0 51 0 23976875 3932565504 34111 18446744073709551615 98615197188096 98615199856641 140729964001120 0 0 0 0 16781317 16386 1 0 0 -1 5 0 0 0 0 0 98615201357024 98615202197232 98616088141824 140729964003185 140729964003263 140729964003263 140729964007358 0
183197 (python) S 182141 182176 182176 0 -1 4194368 569 0 0 0 52 3 0 0 20 0 51 0 23976875 3932565504 34111 18446744073709551615 98615197188096 98615199856641 140729964001120 0 0 0 0 16781317 16386 1 0 0 -1 0 0 0 0 0 0 98615201357024 98615202197232 98616088141824 140729964003185 140729964003263 140729964003263 140729964007358 0
183204 (python) S 182141 182176 182176 0 -1 4194368 11 0 0 0 1 0 0 0 20 0 51 0 23976876 3932565504 34111 18446744073709551615 98615197188096 98615199856641 140729964001120 0 0 0 0 16781317 16386 1 0 0 -1 6 0 0 0 0 0 98615201357024 98615202197232 98616088141824 140729964003185 140729964003263 140729964003263 140729964007358 0
183206 (python) S 182141 182176 182176 0 -1 4194368 6 0 0 0 0 0 0 0 20 0 51 0 23976876 3932565504 34111 18446744073709551615 98615197188096 98615199856641 140729964001120 0 0 0 0 16781317 16386 1 0 0 -1 10 0 0 0 0 0 98615201357024 98615202197232 98616088141824 140729964003185 140729964003263 140729964003263 140729964007358 0
183207 (python) S 182141 182176 182176 0 -1 4194368 7 0 0 0 1 0 0 0 20 0 51 0 23976876 3932565504 34111 18446744073709551615 98615197188096 98615199856641 140729964001120 0 0 0 0 16781317 16386 1 0 0 -1 5 0 0 0 0 0 98615201357024 98615202197232 98616088141824 140729964003185 140729964003263 140729964003263 140729964007358 0
183213 (python) S 182141 182176 182176 0 -1 4194368 4 0 0 0 1 0 0 0 20 0 51 0 23976876 3932565504 34111 18446744073709551615 98615197188096 98615199856641 140729964001120 0 0 0 0 16781317 16386 1 0 0 -1 11 0 0 0 0 0 98615201357024 98615202197232 98616088141824 140729964003185 140729964003263 140729964003263 140729964007358 0
183215 (python) S 182141 182176 182176 0 -1 4194368 6 0 0 0 0 0 0 0 20 0 51 0 23976876 3932565504 34111 18446744073709551615 98615197188096 98615199856641 140729964001120 0 0 0 0 16781317 16386 1 0 0 -1 9 0 0 0 0 0 98615201357024 98615202197232 98616088141824 140729964003185 140729964003263 140729964003263 140729964007358 0
183216 (python) S 182141 182176 182176 0 -1 4194368 752 0 0 0 77 5 0 0 20 0 51 0 23976876 3932565504 34111 18446744073709551615 98615197188096 98615199856641 140729964001120 0 0 0 0 16781317 16386 1 0 0 -1 6 0 0 0 0 0 98615201357024 98615202197232 98616088141824 140729964003185 140729964003263 140729964003263 140729964007358 0
183221 (python) S 182141 182176 182176 0 -1 4194368 5 0 0 0 0 0 0 0 20 0 51 0 23976876 3932565504 34111 18446744073709551615 98615197188096 98615199856641 140729964001120 0 0 0 0 16781317 16386 1 0 0 -1 4 0 0 0 0 0 98615201357024 98615202197232 98616088141824 140729964003185 140729964003263 140729964003263 140729964007358 0
183222 (python) S 182141 182176 182176 0 -1 4194368 6 0 0 0 0 0 0 0 20 0 51 0 23976876 3932565504 34111 18446744073709551615 98615197188096 98615199856641 140729964001120 0 0 0 0 16781317 16386 1 0 0 -1 8 0 0 0 0 0 98615201357024 98615202197232 98616088141824 140729964003185 140729964003263 140729964003263 140729964007358 0
183223 (python) S 182141 182176 182176 0 -1 4194368 1660 0 0 0 111 9 0 0 20 0 51 0 23976876 3932565504 34111 18446744073709551615 98615197188096 98615199856641 140729964001120 0 0 0 0 16781317 16386 1 0 0 -1 5 0 0 0 0 0 98615201357024 98615202197232 98616088141824 140729964003185 140729964003263 140729964003263 140729964007358 0
183227 (python) S 182141 182176 182176 0 -1 4194368 7 0 0 0 0 0 0 0 20 0 51 0 23976877 3932565504 34111 18446744073709551615 98615197188096 98615199856641 140729964001120 0 0 0 0 16781317 16386 1 0 0 -1 6 0 0 0 0 0 98615201357024 98615202197232 98616088141824 140729964003185 140729964003263 140729964003263 140729964007358 0
183229 (python) S 182141 182176 182176 0 -1 4194368 6 0 0 0 0 0 0 0 20 0 51 0 23976877 3932565504 34111 18446744073709551615 98615197188096 98615199856641 140729964001120 0 0 0 0 16781317 16386 1 0 0 -1 5 0 0 0 0 0 98615201357024 98615202197232 98616088141824 140729964003185 140729964003263 140729964003263 140729964007358 0
183230 (python) S 182141 182176 182176 0 -1 4194368 705 0 0 0 149 10 0 0 20 0 51 0 23976877 3932565504 34111 18446744073709551615 98615197188096 98615199856641 140729964001120 0 0 0 0 16781317 16386 1 0 0 -1 1 0 0 0 0 0 98615201357024 98615202197232 98616088141824 140729964003185 140729964003263 140729964003263 140729964007358 0
183234 (python) S 182141 182176 182176 0 -1 4194368 5 0 0 0 0 0 0 0 20 0 51 0 23976877 3932565504 34111 18446744073709551615 98615197188096 98615199856641 140729964001120 0 0 0 0 16781317 16386 1 0 0 -1 4 0 0 0 0 0 98615201357024 98615202197232 98616088141824 140729964003185 140729964003263 140729964003263 140729964007358 0
183235 (python) S 182141 182176 182176 0 -1 4194368 7 0 0 0 0 0 0 0 20 0 51 0 23976877 3932565504 34111 18446744073709551615 98615197188096 98615199856641 140729964001120 0 0 0 0 16781317 16386 1 0 0 -1 4 0 0 0 0 0 98615201357024 98615202197232 98616088141824 140729964003185 140729964003263 140729964003263 140729964007358 0
183236 (python) S 182141 182176 182176 0 -1 4194368 584 0 0 0 234 16 0 0 20 0 51 0 23976877 3932565504 34111 18446744073709551615 98615197188096 98615199856641 140729964001120 0 0 0 0 16781317 16386 1 0 0 -1 6 0 0 0 0 0 98615201357024 98615202197232 98616088141824 140729964003185 140729964003263 140729964003263 140729964007358 0
183240 (python) S 182141 182176 182176 0 -1 4194368 5 0 0 0 0 0 0 0 20 0 51 0 23976877 3932565504 34111 18446744073709551615 98615197188096 98615199856641 140729964001120 0 0 0 0 16781317 16386 1 0 0 -1 4 0 0 0 0 0 98615201357024 98615202197232 98616088141824 140729964003185 140729964003263 140729964003263 140729964007358 0
183241 (python) S 182141 182176 182176 0 -1 4194368 6 0 0 0 0 0 0 0 20 0 51 0 23976877 3932565504 34111 18446744073709551615 98615197188096 98615199856641 140729964001120 0 0 0 0 16781317 16386 1 0 0 -1 0 0 0 0 0 0 98615201357024 98615202197232 98616088141824 140729964003185 140729964003263 140729964003263 140729964007358 0
183242 (python) S 182141 182176 182176 0 -1 4194368 600 0 0 0 49 2 0 0 20 0 51 0 23976877 3932565504 34111 18446744073709551615 98615197188096 98615199856641 140729964001120 0 0 0 0 16781317 16386 1 0 0 -1 2 0 0 0 0 0 98615201357024 98615202197232 98616088141824 140729964003185 140729964003263 140729964003263 140729964007358 0
183246 (python) S 182141 182176 182176 0 -1 4194368 7 0 0 0 0 0 0 0 20 0 51 0 23976877 3932565504 34111 18446744073709551615 98615197188096 98615199856641 140729964001120 0 0 0 0 16781317 16386 1 0 0 -1 7 0 0 0 0 0 98615201357024 98615202197232 98616088141824 140729964003185 140729964003263 140729964003263 140729964007358 0
183247 (python) S 182141 182176 182176 0 -1 4194368 6 0 0 0 0 0 0 0 20 0 51 0 23976877 3932565504 34111 18446744073709551615 98615197188096 98615199856641 140729964001120 0 0 0 0 16781317 16386 1 0 0 -1 1 0 0 0 0 0 98615201357024 98615202197232 98616088141824 140729964003185 140729964003263 140729964003263 140729964007358 0
183248 (python) S 182141 182176 182176 0 -1 4194368 723 0 0 0 158 10 0 0 20 0 51 0 23976877 3932565504 34111 18446744073709551615 98615197188096 98615199856641 140729964001120 0 0 0 0 16781317 16386 1 0 0 -1 3 0 0 0 0 0 98615201357024 98615202197232 98616088141824 140729964003185 140729964003263 140729964003263 140729964007358 0
183253 (python) S 182141 182176 182176 0 -1 4194368 6 0 0 0 0 0 0 0 20 0 51 0 23976877 3932565504 34111 18446744073709551615 98615197188096 98615199856641 140729964001120 0 0 0 0 16781317 16386 1 0 0 -1 0 0 0 0 0 0 98615201357024 98615202197232 98616088141824 140729964003185 140729964003263 140729964003263 140729964007358 0
183254 (python) S 182141 182176 182176 0 -1 4194368 6 0 0 0 0 0 0 0 20 0 51 0 23976877 3932565504 34111 18446744073709551615 98615197188096 98615199856641 140729964001120 0 0 0 0 16781317 16386 1 0 0 -1 7 0 0 0 0 0 98615201357024 98615202197232 98616088141824 140729964003185 140729964003263 140729964003263 140729964007358 0
183255 (python) S 182141 182176 182176 0 -1 4194368 1267 0 0 0 243 13 0 0 20 0 51 0 23976877 3932565504 34111 18446744073709551615 98615197188096 98615199856641 140729964001120 0 0 0 0 16781317 16386 1 0 0 -1 2 0 0 0 0 0 98615201357024 98615202197232 98616088141824 140729964003185 140729964003263 140729964003263 140729964007358 0
184898 (python) S 182141 182176 182176 0 -1 4194368 8 0 0 0 0 0 0 0 20 0 51 0 23976987 3932565504 34111 18446744073709551615 98615197188096 98615199856641 140729964001120 0 0 0 0 16781317 16386 1 0 0 -1 9 0 0 0 0 0 98615201357024 98615202197232 98616088141824 140729964003185 140729964003263 140729964003263 140729964007358 0
184899 (python) S 182141 182176 182176 0 -1 4194368 28 0 0 0 0 0 0 0 20 0 51 0 23976987 3932565504 34111 18446744073709551615 98615197188096 98615199856641 140729964001120 0 0 0 0 16781317 16386 1 0 0 -1 11 0 0 0 0 0 98615201357024 98615202197232 98616088141824 140729964003185 140729964003263 140729964003263 140729964007358 0
184911 (python) S 182141 182176 182176 0 -1 4194368 3 0 0 0 0 0 0 0 20 0 51 0 23976988 3932565504 34111 18446744073709551615 98615197188096 98615199856641 140729964001120 0 0 0 0 16781317 16386 1 0 0 -1 10 0 0 0 0 0 98615201357024 98615202197232 98616088141824 140729964003185 140729964003263 140729964003263 140729964007358 0
184944 (python) S 182141 182176 182176 0 -1 4194368 17 0 0 0 2 0 0 0 20 0 51 0 23976990 3932565504 34111 18446744073709551615 98615197188096 98615199856641 140729964001120 0 0 0 0 16781317 16386 1 0 0 -1 11 0 0 0 0 0 98615201357024 98615202197232 98616088141824 140729964003185 140729964003263 140729964003263 140729964007358 0
