s1-eth3: 842956422 4728193    0    0    0     0          0         0    46946     508    0    0    0     0       0          0
s2-eth3:    1438      17    0    0    0     0          0         0     4599      32    0    0    0     0       0          0
s3-eth3:    1242      15    0    0    0     0          0         0     4403      30    0    0    0     0       0          0
s4-eth3:   43413     489    0    0    0     0          0         0 796813995 4010973    0    0    0     0       0          0
s5-eth1:    6894     123    0    0    0     0          0         0    47540     591    0    0    0     0       0          0
s1-eth1:   47540     591    0    0    0     0          0         0     6894     123    0    0    0     0       0          0
s6-eth1: 801714338 4084235    0    0    0     0          0         0     5200     114    0    0    0     0       0          0
s1-eth2:    5200     114    0    0    0     0          0         0 801714338 4084235    0    0    0     0       0          0
s5-eth2:    5193     115    0    0    0     0          0         0     6824     122    0    0    0     0       0          0
s2-eth1:    6824     122    0    0    0     0          0         0     5193     115    0    0    0     0       0          0
s6-eth2:    6824     122    0    0    0     0          0         0     7020     124    0    0    0     0       0          0
s2-eth2:    7020     124    0    0    0     0          0         0     6824     122    0    0    0     0       0          0
s7-eth1:    5200     114    0    0    0     0          0         0     6824     122    0    0    0     0       0          0
s3-eth1:    6824     122    0    0    0     0          0         0     5200     114    0    0    0     0       0          0
s8-eth1:    5200     114    0    0    0     0          0         0     6824     122    0    0    0     0       0          0
s3-eth2:    6824     122    0    0    0     0          0         0     5200     114    0    0    0     0       0          0
s7-eth2:   49171     598    0    0    0     0          0         0     5200     114    0    0    0     0       0          0
s4-eth1:    5200     114    0    0    0     0          0         0    49171     598    0    0    0     0       0          0
s8-eth2:    6824     122    0    0    0     0          0         0 798020890 4028162    0    0    0     0       0          0
s4-eth2: 798020890 4028162    0    0    0     0          0         0     6824     122    0    0    0     0       0          0
s9-eth1:    6824     122    0    0    0     0          0         0     6824     122    0    0    0     0       0          0
s5-eth3:    6824     122    0    0    0     0          0         0     6824     122    0    0    0     0       0          0
s10-eth1:    6824     122    0    0    0     0          0         0    49264     598    0    0    0     0       0          0
s5-eth4:   49264     598    0    0    0     0          0         0     6824     122    0    0    0     0       0          0
s9-eth2:    5200     114    0    0    0     0          0         0     6894     123    0    0    0     0       0          0
s6-eth3:    6894     123    0    0    0     0          0         0     5200     114    0    0    0     0       0          0
s10-eth2: 800359370 4063560    0    0    0     0          0         0     6917     122    0    0    0     0       0          0
s6-eth4:    6917     122    0    0    0     0          0         0 800359370 4063560    0    0    0     0       0          0
s9-eth3:    6957     123    0    0    0     0          0         0     6824     122    0    0    0     0       0          0
s7-eth3:    6824     122    0    0    0     0          0         0     6957     123    0    0    0     0       0          0
s10-eth3:   49171     598    0    0    0     0          0         0     6917     122    0    0    0     0       0          0
s7-eth4:    6917     122    0    0    0     0          0         0    49171     598    0    0    0     0       0          0
s9-eth4:    6894     123    0    0    0     0          0         0     6824     122    0    0    0     0       0          0
s8-eth3:    6824     122    0    0    0     0          0         0     6894     123    0    0    0     0       0          0
s10-eth4:    6824     122    0    0    0     0          0         0 799206449 4046229    0    0    0     0       0          0
s8-eth4: 799206449 4046229    0    0    0     0          0         0     6824     122    0    0    0     0       0          0
