s1-eth3: 4905804811 8696070    0    0    0     0          0         0    69773     763    0    0    0     0       0          0
s2-eth3:    1508      18    0    0    0     0          0         0     4872      34    0    0    0     0       0          0
s3-eth3:    1312      16    0    0    0     0          0         0     4676      32    0    0    0     0       0          0
s4-eth3:   66037     743    0    0    0     0          0         0 4165556409 7301012    0    0    0     0       0          0
s5-eth1:    7988     157    0    0    0     0          0         0    71055     878    0    0    0     0       0          0
s1-eth1:   71055     878    0    0    0     0          0         0     7988     157    0    0    0     0       0          0
s6-eth1: 4244471269 7446585    0    0    0     0          0         0     6091     147    0    0    0     0       0          0
s1-eth2:    6091     147    0    0    0     0          0         0 4244471269 7446585    0    0    0     0       0          0
s5-eth2:    6154     149    0    0    0     0          0         0     7988     157    0    0    0     0       0          0
s2-eth1:    7988     157    0    0    0     0          0         0     6154     149    0    0    0     0       0          0
s6-eth2:    7988     157    0    0    0     0          0         0     8184     159    0    0    0     0       0          0
s2-eth2:    8184     159    0    0    0     0          0         0     7988     157    0    0    0     0       0          0
s7-eth1:    6161     148    0    0    0     0          0         0     7988     157    0    0    0     0       0          0
s3-eth1:    7988     157    0    0    0     0          0         0     6161     148    0    0    0     0       0          0
s8-eth1:    6161     148    0    0    0     0          0         0     7988     157    0    0    0     0       0          0
s3-eth2:    7988     157    0    0    0     0          0         0     6161     148    0    0    0     0       0          0
s7-eth2:   72889     886    0    0    0     0          0         0     6161     148    0    0    0     0       0          0
s4-eth1:    6161     148    0    0    0     0          0         0    72889     886    0    0    0     0       0          0
s8-eth2:    7988     157    0    0    0     0          0         0 4184163933 7335225    0    0    0     0       0          0
s4-eth2: 4184163933 7335225    0    0    0     0          0         0     7988     157    0    0    0     0       0          0
s9-eth1:    7988     157    0    0    0     0          0         0     7988     157    0    0    0     0       0          0
s5-eth3:    7988     157    0    0    0     0          0         0     7988     157    0    0    0     0       0          0
s10-eth1:    7988     157    0    0    0     0          0         0    73015     886    0    0    0     0       0          0
s5-eth4:   73015     886    0    0    0     0          0         0     7988     157    0    0    0     0       0          0
s9-eth2:    6161     148    0    0    0     0          0         0     7988     157    0    0    0     0       0          0
s6-eth3:    7988     157    0    0    0     0          0         0     6161     148    0    0    0     0       0          0
s10-eth2: 4222717267 7405990    0    0    0     0          0         0     8114     157    0    0    0     0       0          0
s6-eth4:    8114     157    0    0    0     0          0         0 4222717267 7405990    0    0    0     0       0          0
s9-eth3:    8121     158    0    0    0     0          0         0     7918     156    0    0    0     0       0          0
s7-eth3:    7918     156    0    0    0     0          0         0     8121     158    0    0    0     0       0          0
s10-eth3:   72889     886    0    0    0     0          0         0     8114     157    0    0    0     0       0          0
s7-eth4:    8114     157    0    0    0     0          0         0    72889     886    0    0    0     0       0          0
s9-eth4:    7988     157    0    0    0     0          0         0     7988     157    0    0    0     0       0          0
s8-eth3:    7988     157    0    0    0     0          0         0     7988     157    0    0    0     0       0          0
s10-eth4:    7988     157    0    0    0     0          0         0 4204539152 7372032    0    0    0     0       0          0
s8-eth4: 4204539152 7372032    0    0    0     0          0         0     7988     157    0    0    0     0       0          0
