s1-eth3: 831686569 4552141    0    0    0     0          0         0    40669     438    0    0    0     0       0          0
s2-eth3:    1438      17    0    0    0     0          0         0     4599      32    0    0    0     0       0          0
s3-eth3:    1156      14    0    0    0     0          0         0     4493      31    0    0    0     0       0          0
s4-eth3:   37136     419    0    0    0     0          0         0 792938862 3946739    0    0    0     0       0          0
s5-eth1:    6581     113    0   84    0     0          0         0    41223     513    0    0    0     0       0          0
s1-eth1:   41223     513    0   84    0     0          0         0     6581     113    0    0    0     0       0          0
s6-eth1: 796643252 4004668    0   84    0     0          0         0     6581     113    0    0    0     0       0          0
s1-eth2:    6581     113    0   84    0     0          0         0 796643252 4004668    0    0    0     0       0          0
s5-eth2:    6777     115    0   84    0     0          0         0     4957     105    0    0    0     0       0          0
s2-eth1:    4957     105    0   84    0     0          0         0     6777     115    0    0    0     0       0          0
s6-eth2:    6581     113    0   84    0     0          0         0     5153     107    0    0    0     0       0          0
s2-eth2:    5153     107    0   84    0     0          0         0     6581     113    0    0    0     0       0          0
s7-eth1:    6581     113    0   84    0     0          0         0     6581     113    0    0    0     0       0          0
s3-eth1:    6581     113    0   84    0     0          0         0     6581     113    0    0    0     0       0          0
s8-eth1:    6581     113    0   84    0     0          0         0     6581     113    0    0    0     0       0          0
s3-eth2:    6581     113    0   84    0     0          0         0     6581     113    0    0    0     0       0          0
s7-eth2:   42651     519    0   84    0     0          0         0     6581     113    0    0    0     0       0          0
s4-eth1:    6581     113    0   84    0     0          0         0    42651     519    0    0    0     0       0          0
s8-eth2:    6581     113    0   84    0     0          0         0 793787504 3960048    0    0    0     0       0          0
s4-eth2: 793787504 3960048    0   84    0     0          0         0     6581     113    0    0    0     0       0          0
s9-eth1:    4754     104    0   84    0     0          0         0     6581     113    0    0    0     0       0          0
s5-eth3:    6581     113    0   84    0     0          0         0     4754     104    0    0    0     0       0          0
s10-eth1:    6511     113    0   84    0     0          0         0    42735     519    0    0    0     0       0          0
s5-eth4:   42735     519    0   84    0     0          0         0     6511     113    0    0    0     0       0          0
s9-eth2:    4957     105    0   84    0     0          0         0     6581     113    0    0    0     0       0          0
s6-eth3:    6581     113    0   84    0     0          0         0     4957     105    0    0    0     0       0          0
s10-eth2: 795605936 3988461    0   84    0     0          0         0     6665     113    0    0    0     0       0          0
s6-eth4:    6665     113    0   84    0     0          0         0 795605936 3988461    0    0    0     0       0          0
s9-eth3:    6581     113    0   84    0     0          0         0     6581     113    0    0    0     0       0          0
s7-eth3:    6581     113    0   84    0     0          0         0     6581     113    0    0    0     0       0          0
s10-eth3:   42651     519    0   84    0     0          0         0     6665     113    0    0    0     0       0          0
s7-eth4:    6665     113    0   84    0     0          0         0    42651     519    0    0    0     0       0          0
s9-eth4:    6714     114    0   84    0     0          0         0     6581     113    0    0    0     0       0          0
s8-eth3:    6581     113    0   84    0     0          0         0     6714     114    0    0    0     0       0          0
s10-eth4:    6581     113    0   84    0     0          0         0 794735300 3974856    0    0    0     0       0          0
s8-eth4: 794735300 3974856    0   84    0     0          0         0     6581     113    0    0    0     0       0          0
