s1-eth3: 4894582966 8520064    0    0    0     0          0         0    63364     692    0    0    0     0       0          0
s2-eth3:    1508      18    0    0    0     0          0         0     4872      34    0    0    0     0       0          0
s3-eth3:    1156      14    0    0    0     0          0         0     4766      33    0    0    0     0       0          0
s4-eth3:   59558     671    0    0    0     0          0         0 4220322630 7294045    0    0    0     0       0          0
s5-eth1:    7745     148    0  117    0     0          0         0    64606     799    0    0    0     0       0          0
s1-eth1:   64606     799    0  117    0     0          0         0     7745     148    0    0    0     0       0          0
s6-eth1: 4304161031 7430262    0  117    0     0          0         0     7745     148    0    0    0     0       0          0
s1-eth2:    7745     148    0  117    0     0          0         0 4304161031 7430262    0    0    0     0       0          0
s5-eth2:    7941     150    0  117    0     0          0         0     5848     138    0    0    0     0       0          0
s2-eth1:    5848     138    0  117    0     0          0         0     7941     150    0    0    0     0       0          0
s6-eth2:    7745     148    0  117    0     0          0         0     6114     141    0    0    0     0       0          0
s2-eth2:    6114     141    0  117    0     0          0         0     7745     148    0    0    0     0       0          0
s7-eth1:    7745     148    0  117    0     0          0         0     7745     148    0    0    0     0       0          0
s3-eth1:    7745     148    0  117    0     0          0         0     7745     148    0    0    0     0       0          0
s8-eth1:    7745     148    0  117    0     0          0         0     7745     148    0    0    0     0       0          0
s3-eth2:    7745     148    0  117    0     0          0         0     7745     148    0    0    0     0       0          0
s7-eth2:   66237     806    0  117    0     0          0         0     7675     147    0    0    0     0       0          0
s4-eth1:    7675     147    0  117    0     0          0         0    66237     806    0    0    0     0       0          0
s8-eth2:    7745     148    0  117    0     0          0         0 4237517251 7323349    0    0    0     0       0          0
s4-eth2: 4237517251 7323349    0  117    0     0          0         0     7745     148    0    0    0     0       0          0
s9-eth1:    5715     138    0  117    0     0          0         0     7745     148    0    0    0     0       0          0
s5-eth3:    7745     148    0  117    0     0          0         0     5715     138    0    0    0     0       0          0
s10-eth1:    7675     148    0  117    0     0          0         0    66354     806    0    0    0     0       0          0
s5-eth4:   66354     806    0  117    0     0          0         0     7675     148    0    0    0     0       0          0
s9-eth2:    5918     139    0  117    0     0          0         0     7745     148    0    0    0     0       0          0
s6-eth3:    7745     148    0  117    0     0          0         0     5918     139    0    0    0     0       0          0
s10-eth2: 4282472707 7393888    0  117    0     0          0         0     7862     148    0    0    0     0       0          0
s6-eth4:    7862     148    0  117    0     0          0         0 4282472707 7393888    0    0    0     0       0          0
s9-eth3:    7745     148    0  117    0     0          0         0     7745     148    0    0    0     0       0          0
s7-eth3:    7745     148    0  117    0     0          0         0     7745     148    0    0    0     0       0          0
s10-eth3:   66237     806    0  117    0     0          0         0     7862     148    0    0    0     0       0          0
s7-eth4:    7862     148    0  117    0     0          0         0    66237     806    0    0    0     0       0          0
s9-eth4:    7878     149    0  117    0     0          0         0     7745     148    0    0    0     0       0          0
s8-eth3:    7745     148    0  117    0     0          0         0     7878     149    0    0    0     0       0          0
s10-eth4:    7675     147    0  117    0     0          0         0 4261835762 7360979    0    0    0     0       0          0
s8-eth4: 4261835762 7360979    0  117    0     0          0         0     7675     147    0    0    0     0       0          0
