s1-eth3: 4193904318 4095905    0    0    0     0          0         0    29239     310    0    0    0     0       0          0
s2-eth3:    1192      14    0    0    0     0          0         0     4486      32    0    0    0     0       0          0
s3-eth3:    1066      13    0    0    0     0          0         0     4200      29    0    0    0     0       0          0
s4-eth3:   25979     293    0    0    0     0          0         0 3561055624 3477898    0    0    0     0       0          0
s5-eth1:    5487      79    0    0    0     0          0         0    29105     353    0    0    0     0       0          0
s1-eth1:   29105     353    0    0    0     0          0         0     5487      79    0    0    0     0       0          0
s6-eth1: 3606283788 3522112    0    0    0     0          0         0     5487      79    0    0    0     0       0          0
s1-eth2:    5487      79    0    0    0     0          0         0 3606283788 3522112    0    0    0     0       0          0
s5-eth2:    5613      80    0    0    0     0          0         0     5417      78    0    0    0     0       0          0
s2-eth1:    5417      78    0    0    0     0          0         0     5613      80    0    0    0     0       0          0
s6-eth2:    5417      78    0    0    0     0          0         0     5515      80    0    0    0     0       0          0
s2-eth2:    5515      80    0    0    0     0          0         0     5417      78    0    0    0     0       0          0
s7-eth1:    5487      79    0    0    0     0          0         0     3863      71    0    0    0     0       0          0
s3-eth1:    3863      71    0    0    0     0          0         0     5487      79    0    0    0     0       0          0
s8-eth1:    5417      78    0    0    0     0          0         0     5389      79    0    0    0     0       0          0
s3-eth2:    5389      79    0    0    0     0          0         0     5417      78    0    0    0     0       0          0
s7-eth2:   28909     351    0    0    0     0          0         0     5417      78    0    0    0     0       0          0
s4-eth1:    5417      78    0    0    0     0          0         0    28909     351    0    0    0     0       0          0
s8-eth2:    5487      79    0    0    0     0          0         0 3573487874 3490082    0    0    0     0       0          0
s4-eth2: 3573487874 3490082    0    0    0     0          0         0     5487      79    0    0    0     0       0          0
s9-eth1:    5417      78    0    0    0     0          0         0     5417      78    0    0    0     0       0          0
s5-eth3:    5417      78    0    0    0     0          0         0     5417      78    0    0    0     0       0          0
s10-eth1:    5417      78    0    0    0     0          0         0    30381     358    0    0    0     0       0          0
s5-eth4:   30381     358    0    0    0     0          0         0     5417      78    0    0    0     0       0          0
s9-eth2:    5487      79    0    0    0     0          0         0     3863      71    0    0    0     0       0          0
s6-eth3:    3863      71    0    0    0     0          0         0     5487      79    0    0    0     0       0          0
s10-eth2: 3595754551 3511826    0    0    0     0          0         0     5538      79    0    0    0     0       0          0
s6-eth4:    5538      79    0    0    0     0          0         0 3595754551 3511826    0    0    0     0       0          0
s9-eth3:    5487      79    0    0    0     0          0         0     5487      79    0    0    0     0       0          0
s7-eth3:    5487      79    0    0    0     0          0         0     5487      79    0    0    0     0       0          0
s10-eth3:   28706     350    0    0    0     0          0         0     5538      79    0    0    0     0       0          0
s7-eth4:    5538      79    0    0    0     0          0         0    28706     350    0    0    0     0       0          0
s9-eth4:    5417      78    0    0    0     0          0         0     5487      79    0    0    0     0       0          0
s8-eth3:    5487      79    0    0    0     0          0         0     5417      78    0    0    0     0       0          0
s10-eth4:    5417      78    0    0    0     0          0         0 3586682695 3502974    0    0    0     0       0          0
s8-eth4: 3586682695 3502974    0    0    0     0          0         0     5417      78    0    0    0     0       0          0
