s1-eth3: 1859675575 1656450    0    0    0     0          0         0    40644     438    0    0    0     0       0          0
s2-eth3:    1352      16    0    0    0     0          0         0     4599      32    0    0    0     0       0          0
s3-eth3:    1066      13    0    0    0     0          0         0     4403      30    0    0    0     0       0          0
s4-eth3:   37111     419    0    0    0     0          0         0 1858904858 1655710    0    0    0     0       0          0
s5-eth1:    6770     120    0    0    0     0          0         0    43011     528    0    0    0     0       0          0
s1-eth1:   43011     528    0    0    0     0          0         0     6770     120    0    0    0     0       0          0
s6-eth1: 1859571621 1656449    0    0    0     0          0         0     6770     120    0    0    0     0       0          0
s1-eth2:    6770     120    0    0    0     0          0         0 1859571621 1656449    0    0    0     0       0          0
s5-eth2:    6966     122    0    0    0     0          0         0     6770     120    0    0    0     0       0          0
s2-eth1:    6770     120    0    0    0     0          0         0     6966     122    0    0    0     0       0          0
s6-eth2:    6770     120    0    0    0     0          0         0     6966     122    0    0    0     0       0          0
s2-eth2:    6966     122    0    0    0     0          0         0     6770     120    0    0    0     0       0          0
s7-eth1:    6770     120    0    0    0     0          0         0     6770     120    0    0    0     0       0          0
s3-eth1:    6770     120    0    0    0     0          0         0     6770     120    0    0    0     0       0          0
s8-eth1:    6770     120    0    0    0     0          0         0     6770     120    0    0    0     0       0          0
s3-eth2:    6770     120    0    0    0     0          0         0     6770     120    0    0    0     0       0          0
s7-eth2:   42815     526    0    0    0     0          0         0     5146     112    0    0    0     0       0          0
s4-eth1:    5146     112    0    0    0     0          0         0    42815     526    0    0    0     0       0          0
s8-eth2:    6770     120    0    0    0     0          0         0 1859099361 1655986    0    0    0     0       0          0
s4-eth2: 1859099361 1655986    0    0    0     0          0         0     6770     120    0    0    0     0       0          0
s9-eth1:    6770     120    0    0    0     0          0         0     6770     120    0    0    0     0       0          0
s5-eth3:    6770     120    0    0    0     0          0         0     6770     120    0    0    0     0       0          0
s10-eth1:    6770     120    0    0    0     0          0         0    42906     526    0    0    0     0       0          0
s5-eth4:   42906     526    0    0    0     0          0         0     6770     120    0    0    0     0       0          0
s9-eth2:    6770     120    0    0    0     0          0         0     6770     120    0    0    0     0       0          0
s6-eth3:    6770     120    0    0    0     0          0         0     6770     120    0    0    0     0       0          0
s10-eth2: 1859476326 1656355    0    0    0     0          0         0     6861     120    0    0    0     0       0          0
s6-eth4:    6861     120    0    0    0     0          0         0 1859476326 1656355    0    0    0     0       0          0
s9-eth3:    6770     120    0    0    0     0          0         0     6770     120    0    0    0     0       0          0
s7-eth3:    6770     120    0    0    0     0          0         0     6770     120    0    0    0     0       0          0
s10-eth3:   42717     526    0    0    0     0          0         0     6861     120    0    0    0     0       0          0
s7-eth4:    6861     120    0    0    0     0          0         0    42717     526    0    0    0     0       0          0
s9-eth4:    6770     120    0    0    0     0          0         0     6770     120    0    0    0     0       0          0
s8-eth3:    6770     120    0    0    0     0          0         0     6770     120    0    0    0     0       0          0
s10-eth4:    6770     120    0    0    0     0          0         0 1859269436 1656152    0    0    0     0       0          0
s8-eth4: 1859269436 1656152    0    0    0     0          0         0     6770     120    0    0    0     0       0          0
