s1-eth3: 2113627614 5624308    0    0    0     0          0         0    63303     692    0    0    0     0       0          0
s2-eth3:    1422      17    0    0    0     0          0         0     4872      34    0    0    0     0       0          0
s3-eth3:    1136      14    0    0    0     0          0         0     4676      32    0    0    0     0       0          0
s4-eth3:   59567     672    0    0    0     0          0         0 2072114380 4986964    0    0    0     0       0          0
s5-eth1:    7934     155    0    0    0     0          0         0    66561     815    0    0    0     0       0          0
s1-eth1:   66561     815    0    0    0     0          0         0     7934     155    0    0    0     0       0          0
s6-eth1: 2074985746 5022169    0    0    0     0          0         0     7934     155    0    0    0     0       0          0
s1-eth2:    7934     155    0    0    0     0          0         0 2074985746 5022169    0    0    0     0       0          0
s5-eth2:    8130     157    0    0    0     0          0         0     7934     155    0    0    0     0       0          0
s2-eth1:    7934     155    0    0    0     0          0         0     8130     157    0    0    0     0       0          0
s6-eth2:    7934     155    0    0    0     0          0         0     8130     157    0    0    0     0       0          0
s2-eth2:    8130     157    0    0    0     0          0         0     7934     155    0    0    0     0       0          0
s7-eth1:    7934     155    0    0    0     0          0         0     7934     155    0    0    0     0       0          0
s3-eth1:    7934     155    0    0    0     0          0         0     7934     155    0    0    0     0       0          0
s8-eth1:    7934     155    0    0    0     0          0         0     7934     155    0    0    0     0       0          0
s3-eth2:    7934     155    0    0    0     0          0         0     7934     155    0    0    0     0       0          0
s7-eth2:   66365     813    0    0    0     0          0         0     6107     146    0    0    0     0       0          0
s4-eth1:    6107     146    0    0    0     0          0         0    66365     813    0    0    0     0       0          0
s8-eth2:    7934     155    0    0    0     0          0         0 2072946126 4997216    0    0    0     0       0          0
s4-eth2: 2072946126 4997216    0    0    0     0          0         0     7934     155    0    0    0     0       0          0
s9-eth1:    7934     155    0    0    0     0          0         0     7934     155    0    0    0     0       0          0
s5-eth3:    7934     155    0    0    0     0          0         0     7934     155    0    0    0     0       0          0
s10-eth1:    7934     155    0    0    0     0          0         0    66489     813    0    0    0     0       0          0
s5-eth4:   66489     813    0    0    0     0          0         0     7934     155    0    0    0     0       0          0
s9-eth2:    7934     155    0    0    0     0          0         0     7934     155    0    0    0     0       0          0
s6-eth3:    7934     155    0    0    0     0          0         0     7934     155    0    0    0     0       0          0
s10-eth2: 2074410451 5014575    0    0    0     0          0         0     8058     155    0    0    0     0       0          0
s6-eth4:    8058     155    0    0    0     0          0         0 2074410451 5014575    0    0    0     0       0          0
s9-eth3:    7934     155    0    0    0     0          0         0     7934     155    0    0    0     0       0          0
s7-eth3:    7934     155    0    0    0     0          0         0     7934     155    0    0    0     0       0          0
s10-eth3:   66267     813    0    0    0     0          0         0     8058     155    0    0    0     0       0          0
s7-eth4:    8058     155    0    0    0     0          0         0    66267     813    0    0    0     0       0          0
s9-eth4:    7934     155    0    0    0     0          0         0     7934     155    0    0    0     0       0          0
s8-eth3:    7934     155    0    0    0     0          0         0     7934     155    0    0    0     0       0          0
s10-eth4:    7934     155    0    0    0     0          0         0 2073777994 5007722    0    0    0     0       0          0
s8-eth4: 2073777994 5007722    0    0    0     0          0         0     7934     155    0    0    0     0       0          0
