s1-eth3: 1294232262 1264196    0    0    0     0          0         0    29433     312    0    0    0     0       0          0
s2-eth3:    1352      16    0    0    0     0          0         0     4599      32    0    0    0     0       0          0
s3-eth3:    1066      13    0    0    0     0          0         0     4403      30    0    0    0     0       0          0
s4-eth3:   25900     293    0    0    0     0          0         0 1293467313 1263460    0    0    0     0       0          0
s5-eth1:    5987      91    0    0    0     0          0         0    31017     373    0    0    0     0       0          0
s1-eth1:   31017     373    0    0    0     0          0         0     5987      91    0    0    0     0       0          0
s6-eth1: 1294127525 1264166    0    0    0     0          0         0     5987      91    0    0    0     0       0          0
s1-eth2:    5987      91    0    0    0     0          0         0 1294127525 1264166    0    0    0     0       0          0
s5-eth2:    6183      93    0    0    0     0          0         0     5987      91    0    0    0     0       0          0
s2-eth1:    5987      91    0    0    0     0          0         0     6183      93    0    0    0     0       0          0
s6-eth2:    5987      91    0    0    0     0          0         0     6183      93    0    0    0     0       0          0
s2-eth2:    6183      93    0    0    0     0          0         0     5987      91    0    0    0     0       0          0
s7-eth1:    5987      91    0    0    0     0          0         0     5987      91    0    0    0     0       0          0
s3-eth1:    5987      91    0    0    0     0          0         0     5987      91    0    0    0     0       0          0
s8-eth1:    5987      91    0    0    0     0          0         0     5987      91    0    0    0     0       0          0
s3-eth2:    5987      91    0    0    0     0          0         0     5987      91    0    0    0     0       0          0
s7-eth2:   30821     371    0    0    0     0          0         0     4363      83    0    0    0     0       0          0
s4-eth1:    4363      83    0    0    0     0          0         0    30821     371    0    0    0     0       0          0
s8-eth2:    5987      91    0    0    0     0          0         0 1293655265 1263703    0    0    0     0       0          0
s4-eth2: 1293655265 1263703    0    0    0     0          0         0     5987      91    0    0    0     0       0          0
s9-eth1:    5987      91    0    0    0     0          0         0     5987      91    0    0    0     0       0          0
s5-eth3:    5987      91    0    0    0     0          0         0     5987      91    0    0    0     0       0          0
s10-eth1:    5987      91    0    0    0     0          0         0    30883     371    0    0    0     0       0          0
s5-eth4:   30883     371    0    0    0     0          0         0     5987      91    0    0    0     0       0          0
s9-eth2:    5987      91    0    0    0     0          0         0     5987      91    0    0    0     0       0          0
s6-eth3:    5987      91    0    0    0     0          0         0     5987      91    0    0    0     0       0          0
s10-eth2: 1294032230 1264072    0    0    0     0          0         0     6049      91    0    0    0     0       0          0
s6-eth4:    6049      91    0    0    0     0          0         0 1294032230 1264072    0    0    0     0       0          0
s9-eth3:    5987      91    0    0    0     0          0         0     5987      91    0    0    0     0       0          0
s7-eth3:    5987      91    0    0    0     0          0         0     5987      91    0    0    0     0       0          0
s10-eth3:   30723     371    0    0    0     0          0         0     6049      91    0    0    0     0       0          0
s7-eth4:    6049      91    0    0    0     0          0         0    30723     371    0    0    0     0       0          0
s9-eth4:    5987      91    0    0    0     0          0         0     5987      91    0    0    0     0       0          0
s8-eth3:    5987      91    0    0    0     0          0         0     5987      91    0    0    0     0       0          0
s10-eth4:    5987      91    0    0    0     0          0         0 1293825311 1263869    0    0    0     0       0          0
s8-eth4: 1293825311 1263869    0    0    0     0          0         0     5987      91    0    0    0     0       0          0
