s1-eth3: 565444776  392272    0    0    0     0          0         0    15624     157    0    0    0     0       0          0
s2-eth3:    1192      14    0    0    0     0          0         0     4326      30    0    0    0     0       0          0
s3-eth3:     996      12    0    0    0     0          0         0     4130      28    0    0    0     0       0          0
s4-eth3:   12380     140    0    0    0     0          0         0 565447714  392286    0    0    0     0       0          0
s5-eth1:    3807      64    0    0    0     0          0         0    16632     199    0    0    0     0       0          0
s1-eth1:   16632     199    0    0    0     0          0         0     3807      64    0    0    0     0       0          0
s6-eth1: 565449008  392331    0    0    0     0          0         0     5228      71    0    0    0     0       0          0
s1-eth2:    5228      71    0    0    0     0          0         0 565449008  392331    0    0    0     0       0          0
s5-eth2:    4003      66    0    0    0     0          0         0     5228      71    0    0    0     0       0          0
s2-eth1:    5228      71    0    0    0     0          0         0     4003      66    0    0    0     0       0          0
s6-eth2:    5228      71    0    0    0     0          0         0     5424      73    0    0    0     0       0          0
s2-eth2:    5424      73    0    0    0     0          0         0     5228      71    0    0    0     0       0          0
s7-eth1:    3807      64    0    0    0     0          0         0     5228      71    0    0    0     0       0          0
s3-eth1:    5228      71    0    0    0     0          0         0     3807      64    0    0    0     0       0          0
s8-eth1:    3674      64    0    0    0     0          0         0     5228      71    0    0    0     0       0          0
s3-eth2:    5228      71    0    0    0     0          0         0     3674      64    0    0    0     0       0          0
s7-eth2:   16436     197    0    0    0     0          0         0     3604      63    0    0    0     0       0          0
s4-eth1:    3604      63    0    0    0     0          0         0    16436     197    0    0    0     0       0          0
s8-eth2:    5228      71    0    0    0     0          0         0 565448812  392329    0    0    0     0       0          0
s4-eth2: 565448812  392329    0    0    0     0          0         0     5228      71    0    0    0     0       0          0
s9-eth1:    5228      71    0    0    0     0          0         0     5228      71    0    0    0     0       0          0
s5-eth3:    5228      71    0    0    0     0          0         0     5228      71    0    0    0     0       0          0
s10-eth1:    5228      71    0    0    0     0          0         0    15059     190    0    0    0     0       0          0
s5-eth4:   15059     190    0    0    0     0          0         0     5228      71    0    0    0     0       0          0
s9-eth2:    5130      71    0    0    0     0          0         0     5228      71    0    0    0     0       0          0
s6-eth3:    5228      71    0    0    0     0          0         0     5130      71    0    0    0     0       0          0
s10-eth2: 565448812  392329    0    0    0     0          0         0     5272      71    0    0    0     0       0          0
s6-eth4:    5272      71    0    0    0     0          0         0 565448812  392329    0    0    0     0       0          0
s9-eth3:    5228      71    0    0    0     0          0         0     5228      71    0    0    0     0       0          0
s7-eth3:    5228      71    0    0    0     0          0         0     5228      71    0    0    0     0       0          0
s10-eth3:   16436     197    0    0    0     0          0         0     5272      71    0    0    0     0       0          0
s7-eth4:    5272      71    0    0    0     0          0         0    16436     197    0    0    0     0       0          0
s9-eth4:    5228      71    0    0    0     0          0         0     5228      71    0    0    0     0       0          0
s8-eth3:    5228      71    0    0    0     0          0         0     5228      71    0    0    0     0       0          0
s10-eth4:    5228      71    0    0    0     0          0         0 565448856  392329    0    0    0     0       0          0
s8-eth4: 565448856  392329    0    0    0     0          0         0     5228      71    0    0    0     0       0          0
