s1-eth3: 819397133 4360135    0    0    0     0          0         0    38307     411    0    0    0     0       0          0
s2-eth3:    1262      15    0    0    0     0          0         0     4599      32    0    0    0     0       0          0
s3-eth3:    1066      13    0    0    0     0          0         0     4403      30    0    0    0     0       0          0
s4-eth3:   34860     393    0    0    0     0          0         0 777410194 3704055    0    0    0     0       0          0
s5-eth1:    4768      98    0    0    0     0          0         0    40206     486    0    0    0     0       0          0
s1-eth1:   40206     486    0    0    0     0          0         0     4768      98    0    0    0     0       0          0
s6-eth1: 780027035 3744987    0    0    0     0          0         0     6392     106    0    0    0     0       0          0
s1-eth2:    6392     106    0    0    0     0          0         0 780027035 3744987    0    0    0     0       0          0
s5-eth2:    4964     100    0    0    0     0          0         0     6392     106    0    0    0     0       0          0
s2-eth1:    6392     106    0    0    0     0          0         0     4964     100    0    0    0     0       0          0
s6-eth2:    6392     106    0    0    0     0          0         0     6588     108    0    0    0     0       0          0
s2-eth2:    6588     108    0    0    0     0          0         0     6392     106    0    0    0     0       0          0
s7-eth1:    4768      98    0    0    0     0          0         0     6392     106    0    0    0     0       0          0
s3-eth1:    6392     106    0    0    0     0          0         0     4768      98    0    0    0     0       0          0
s8-eth1:    4565      97    0    0    0     0          0         0     6392     106    0    0    0     0       0          0
s3-eth2:    6392     106    0    0    0     0          0         0     4565      97    0    0    0     0       0          0
s7-eth2:   40010     484    0    0    0     0          0         0     4565      97    0    0    0     0       0          0
s4-eth1:    4565      97    0    0    0     0          0         0    40010     484    0    0    0     0       0          0
s8-eth2:    6392     106    0    0    0     0          0         0 778020247 3713632    0    0    0     0       0          0
s4-eth2: 778020247 3713632    0    0    0     0          0         0     6392     106    0    0    0     0       0          0
s9-eth1:    6365     105    0    0    0     0          0         0     6392     106    0    0    0     0       0          0
s5-eth3:    6392     106    0    0    0     0          0         0     6365     105    0    0    0     0       0          0
s10-eth1:    6365     105    0    0    0     0          0         0    38463     476    0    0    0     0       0          0
s5-eth4:   38463     476    0    0    0     0          0         0     6365     105    0    0    0     0       0          0
s9-eth2:    6294     106    0    0    0     0          0         0     6392     106    0    0    0     0       0          0
s6-eth3:    6392     106    0    0    0     0          0         0     6294     106    0    0    0     0       0          0
s10-eth2: 779255868 3732938    0    0    0     0          0         0     6469     106    0    0    0     0       0          0
s6-eth4:    6469     106    0    0    0     0          0         0 779255868 3732938    0    0    0     0       0          0
s9-eth3:    6365     105    0    0    0     0          0         0     6392     106    0    0    0     0       0          0
s7-eth3:    6392     106    0    0    0     0          0         0     6365     105    0    0    0     0       0          0
s10-eth3:   39983     483    0    0    0     0          0         0     6469     106    0    0    0     0       0          0
s7-eth4:    6469     106    0    0    0     0          0         0    39983     483    0    0    0     0       0          0
s9-eth4:    6392     106    0    0    0     0          0         0     6392     106    0    0    0     0       0          0
s8-eth3:    6392     106    0    0    0     0          0         0     6392     106    0    0    0     0       0          0
s10-eth4:    6365     105    0    0    0     0          0         0 778686088 3724034    0    0    0     0       0          0
s8-eth4: 778686088 3724034    0    0    0     0          0         0     6365     105    0    0    0     0       0          0
