s1-eth3: 4214694682 6776240    0    0    0     0          0         0    63788     697    0    0    0     0       0          0
s2-eth3:    1332      16    0    0    0     0          0         0     4962      35    0    0    0     0       0          0
s3-eth3:    1136      14    0    0    0     0          0         0     4676      32    0    0    0     0       0          0
s4-eth3:   60138     678    0    0    0     0          0         0 3310297899 4969999    0    0    0     0       0          0
s5-eth1:    7745     148    0    0    0     0          0         0    66857     813    0    0    0     0       0          0
s1-eth1:   66857     813    0    0    0     0          0         0     7745     148    0    0    0     0       0          0
s6-eth1: 3466212934 5307603    0    0    0     0          0         0     7745     148    0    0    0     0       0          0
s1-eth2:    7745     148    0    0    0     0          0         0 3466212934 5307603    0    0    0     0       0          0
s5-eth2:    8046     151    0    0    0     0          0         0     7745     148    0    0    0     0       0          0
s2-eth1:    7745     148    0    0    0     0          0         0     8046     151    0    0    0     0       0          0
s6-eth2:    7850     149    0    0    0     0          0         0     7941     150    0    0    0     0       0          0
s2-eth2:    7941     150    0    0    0     0          0         0     7850     149    0    0    0     0       0          0
s7-eth1:    7745     148    0    0    0     0          0         0     5715     138    0    0    0     0       0          0
s3-eth1:    5715     138    0    0    0     0          0         0     7745     148    0    0    0     0       0          0
s8-eth1:    7745     148    0    0    0     0          0         0     7745     148    0    0    0     0       0          0
s3-eth2:    7745     148    0    0    0     0          0         0     7745     148    0    0    0     0       0          0
s7-eth2:   66661     811    0    0    0     0          0         0     7745     148    0    0    0     0       0          0
s4-eth1:    7745     148    0    0    0     0          0         0    66661     811    0    0    0     0       0          0
s8-eth2:    7745     148    0    0    0     0          0         0 3341501005 5034196    0    0    0     0       0          0
s4-eth2: 3341501005 5034196    0    0    0     0          0         0     7745     148    0    0    0     0       0          0
s9-eth1:    7745     148    0    0    0     0          0         0     7675     147    0    0    0     0       0          0
s5-eth3:    7675     147    0    0    0     0          0         0     7745     148    0    0    0     0       0          0
s10-eth1:    5715     138    0    0    0     0          0         0    66778     811    0    0    0     0       0          0
s5-eth4:   66778     811    0    0    0     0          0         0     5715     138    0    0    0     0       0          0
s9-eth2:    7745     148    0    0    0     0          0         0     7745     148    0    0    0     0       0          0
s6-eth3:    7745     148    0    0    0     0          0         0     7745     148    0    0    0     0       0          0
s10-eth2: 3420391978 5198799    0    0    0     0          0         0     7764     148    0    0    0     0       0          0
s6-eth4:    7764     148    0    0    0     0          0         0 3420391978 5198799    0    0    0     0       0          0
s9-eth3:    5918     139    0    0    0     0          0         0     7765     148    0    0    0     0       0          0
s7-eth3:    7765     148    0    0    0     0          0         0     5918     139    0    0    0     0       0          0
s10-eth3:   66661     811    0    0    0     0          0         0     7862     148    0    0    0     0       0          0
s7-eth4:    7862     148    0    0    0     0          0         0    66661     811    0    0    0     0       0          0
s9-eth4:    7745     148    0    0    0     0          0         0     5918     139    0    0    0     0       0          0
s8-eth3:    5918     139    0    0    0     0          0         0     7745     148    0    0    0     0       0          0
s10-eth4:    7765     148    0    0    0     0          0         0 3379940029 5112873    0    0    0     0       0          0
s8-eth4: 3379940029 5112873    0    0    0     0          0         0     7765     148    0    0    0     0       0          0
