s1-eth3: 757964412 3400249    0    0    0     0          0         0    38559     415    0    0    0     0       0          0
s2-eth3:    1262      15    0    0    0     0          0         0     4689      33    0    0    0     0       0          0
s3-eth3:    1066      13    0    0    0     0          0         0     4403      30    0    0    0     0       0          0
s4-eth3:   35112     397    0    0    0     0          0         0 694415807 2415148    0    0    0     0       0          0
s5-eth1:    6500     110    0    0    0     0          0         0    40656     495    0    0    0     0       0          0
s1-eth1:   40656     495    0    0    0     0          0         0     6500     110    0    0    0     0       0          0
s6-eth1: 707505492 2613240    0    0    0     0          0         0     6500     110    0    0    0     0       0          0
s1-eth2:    6500     110    0    0    0     0          0         0 707505492 2613240    0    0    0     0       0          0
s5-eth2:    6801     113    0    0    0     0          0         0     6500     110    0    0    0     0       0          0
s2-eth1:    6500     110    0    0    0     0          0         0     6801     113    0    0    0     0       0          0
s6-eth2:    6605     111    0    0    0     0          0         0     6696     112    0    0    0     0       0          0
s2-eth2:    6696     112    0    0    0     0          0         0     6605     111    0    0    0     0       0          0
s7-eth1:    6500     110    0    0    0     0          0         0     4673     101    0    0    0     0       0          0
s3-eth1:    4673     101    0    0    0     0          0         0     6500     110    0    0    0     0       0          0
s8-eth1:    6500     110    0    0    0     0          0         0     6500     110    0    0    0     0       0          0
s3-eth2:    6500     110    0    0    0     0          0         0     6500     110    0    0    0     0       0          0
s7-eth2:   40460     493    0    0    0     0          0         0     6500     110    0    0    0     0       0          0
s4-eth1:    6500     110    0    0    0     0          0         0    40460     493    0    0    0     0       0          0
s8-eth2:    6500     110    0    0    0     0          0         0 696806880 2451174    0    0    0     0       0          0
s4-eth2: 696806880 2451174    0    0    0     0          0         0     6500     110    0    0    0     0       0          0
s9-eth1:    6500     110    0    0    0     0          0         0     6500     110    0    0    0     0       0          0
s5-eth3:    6500     110    0    0    0     0          0         0     6500     110    0    0    0     0       0          0
s10-eth1:    4673     101    0    0    0     0          0         0    40541     493    0    0    0     0       0          0
s5-eth4:   40541     493    0    0    0     0          0         0     4673     101    0    0    0     0       0          0
s9-eth2:    6500     110    0    0    0     0          0         0     6500     110    0    0    0     0       0          0
s6-eth3:    6500     110    0    0    0     0          0         0     6500     110    0    0    0     0       0          0
s10-eth2: 703086834 2544867    0    0    0     0          0         0     6483     110    0    0    0     0       0          0
s6-eth4:    6483     110    0    0    0     0          0         0 703086834 2544867    0    0    0     0       0          0
s9-eth3:    4876     102    0    0    0     0          0         0     6520     110    0    0    0     0       0          0
s7-eth3:    6520     110    0    0    0     0          0         0     4876     102    0    0    0     0       0          0
s10-eth3:   40460     493    0    0    0     0          0         0     6581     110    0    0    0     0       0          0
s7-eth4:    6581     110    0    0    0     0          0         0    40460     493    0    0    0     0       0          0
s9-eth4:    6500     110    0    0    0     0          0         0     4876     102    0    0    0     0       0          0
s8-eth3:    4876     102    0    0    0     0          0         0     6500     110    0    0    0     0       0          0
s10-eth4:    6520     110    0    0    0     0          0         0 699728225 2495165    0    0    0     0       0          0
s8-eth4: 699728225 2495165    0    0    0     0          0         0     6520     110    0    0    0     0       0          0
