s1-eth3: 621576817  431324    0    0    0     0          0         0    24338     254    0    0    0     0       0          0
s1-eth4:   21488     242    0    0    0     0          0         0 481679711  334318    0    0    0     0       0          0
s1-eth5:    1422      17    0    0    0     0          0         0     4272      29    0    0    0     0       0          0
s1-eth6:    1422      17    0    0    0     0          0         0     4272      29    0    0    0     0       0          0
s1-eth7:    1422      17    0    0    0     0          0         0     4182      28    0    0    0     0       0          0
s1-eth8:    1422      17    0    0    0     0          0         0     4272      29    0    0    0     0       0          0
s1-eth9:    1422      17    0    0    0     0          0         0     4182      28    0    0    0     0       0          0
s1-eth10:    1422      17    0    0    0     0          0         0     4272      29    0    0    0     0       0          0
s1-eth11:    1422      17    0    0    0     0          0         0     4182      28    0    0    0     0       0          0
s1-eth12:    1422      17    0    0    0     0          0         0     4182      28    0    0    0     0       0          0
s1-eth13:    1332      16    0    0    0     0          0         0     4272      29    0    0    0     0       0          0
s1-eth14:    1422      17    0    0    0     0          0         0     4272      29    0    0    0     0       0          0
s1-eth15:    1332      16    0    0    0     0          0         0     4182      28    0    0    0     0       0          0
s1-eth16:    1422      17    0    0    0     0          0         0     4272      29    0    0    0     0       0          0
s1-eth17:    1422      17    0    0    0     0          0         0     4272      29    0    0    0     0       0          0
s1-eth18:    1332      16    0    0    0     0          0         0     4272      29    0    0    0     0       0          0
s1-eth19:    1332      16    0    0    0     0          0         0     4272      29    0    0    0     0       0          0
s1-eth20:    1332      16    0    0    0     0          0         0     4272      29    0    0    0     0       0          0
s1-eth21:    1332      16    0    0    0     0          0         0     4272      29    0    0    0     0       0          0
s1-eth22:    1422      17    0    0    0     0          0         0     4182      28    0    0    0     0       0          0
s1-eth23:    1422      17    0    0    0     0          0         0     4272      29    0    0    0     0       0          0
s1-eth24:    1332      16    0    0    0     0          0         0     4272      29    0    0    0     0       0          0
s1-eth25:    1422      17    0    0    0     0          0         0     4182      28    0    0    0     0       0          0
s1-eth26:    1422      17    0    0    0     0          0         0     4272      29    0    0    0     0       0          0
s1-eth27:    1422      17    0    0    0     0          0         0     4272      29    0    0    0     0       0          0
s1-eth28:    1422      17    0    0    0     0          0         0     4182      28    0    0    0     0       0          0
s1-eth29:    1332      16    0    0    0     0          0         0     4272      29    0    0    0     0       0          0
s1-eth30:    1332      16    0    0    0     0          0         0     4182      28    0    0    0     0       0          0
s1-eth31:    1422      17    0    0    0     0          0         0     4272      29    0    0    0     0       0          0
s1-eth32:    1422      17    0    0    0     0          0         0     4272      29    0    0    0     0       0          0
s1-eth33:    1422      17    0    0    0     0          0         0     4272      29    0    0    0     0       0          0
s1-eth34:    1422      17    0    0    0     0          0         0     4272      29    0    0    0     0       0          0
s3-eth3:    1172      14    0    0    0     0          0         0     4272      29    0    0    0     0       0          0
s3-eth4:    1332      16    0    0    0     0          0         0     4272      29    0    0    0     0       0          0
s3-eth5:    1422      17    0    0    0     0          0         0     4182      28    0    0    0     0       0          0
s3-eth6:    1332      16    0    0    0     0          0         0     4182      28    0    0    0     0       0          0
s3-eth7:    1422      17    0    0    0     0          0         0     4162      28    0    0    0     0       0          0
s3-eth8:    1422      17    0    0    0     0          0         0     4272      29    0    0    0     0       0          0
s3-eth9:    1422      17    0    0    0     0          0         0     4182      28    0    0    0     0       0          0
s3-eth10:    1422      17    0    0    0     0          0         0     4182      28    0    0    0     0       0          0
s3-eth11:    1422      17    0    0    0     0          0         0     4182      28    0    0    0     0       0          0
s3-eth12:    1422      17    0    0    0     0          0         0     4182      28    0    0    0     0       0          0
s3-eth13:    1422      17    0    0    0     0          0         0     4272      29    0    0    0     0       0          0
s3-eth14:    1422      17    0    0    0     0          0         0     4182      28    0    0    0     0       0          0
s3-eth15:    1422      17    0    0    0     0          0         0     4182      28    0    0    0     0       0          0
s3-eth16:    1422      17    0    0    0     0          0         0     4162      28    0    0    0     0       0          0
s3-eth17:    1332      16    0    0    0     0          0         0     4272      29    0    0    0     0       0          0
s3-eth18:    1422      17    0    0    0     0          0         0     4182      28    0    0    0     0       0          0
s3-eth19:    1422      17    0    0    0     0          0         0     4182      28    0    0    0     0       0          0
s3-eth20:    1332      16    0    0    0     0          0         0     4092      27    0    0    0     0       0          0
s3-eth21:    1332      16    0    0    0     0          0         0     4182      28    0    0    0     0       0          0
s3-eth22:    1172      14    0    0    0     0          0         0     4162      28    0    0    0     0       0          0
s3-eth23:    1332      16    0    0    0     0          0         0     4182      28    0    0    0     0       0          0
s3-eth24:    1422      17    0    0    0     0          0         0     4232      29    0    0    0     0       0          0
s3-eth25:    1332      16    0    0    0     0          0         0     4162      28    0    0    0     0       0          0
s3-eth26:    1332      16    0    0    0     0          0         0     4272      29    0    0    0     0       0          0
s3-eth27:    1422      17    0    0    0     0          0         0     4272      29    0    0    0     0       0          0
s3-eth28:    1332      16    0    0    0     0          0         0     4272      29    0    0    0     0       0          0
s3-eth29:    1172      14    0    0    0     0          0         0     4182      28    0    0    0     0       0          0
s3-eth30:    1332      16    0    0    0     0          0         0     4162      28    0    0    0     0       0          0
s3-eth31:    1332      16    0    0    0     0          0         0     4182      28    0    0    0     0       0          0
s3-eth32:    1422      17    0    0    0     0          0         0     4272      29    0    0    0     0       0          0
s3-eth33:    1172      14    0    0    0     0          0         0     4182      28    0    0    0     0       0          0
s3-eth34:    1422      17    0    0    0     0          0         0     4162      28    0    0    0     0       0          0
s1-eth1:    5024      63    0    0    0     0          0         0     5238      65    0    0    0     0       0          0
s1-eth2:    5024      63    0    0    0     0          0         0     3603      56    0    0    0     0       0          0
s3-eth1:    3603      56    0    0    0     0          0         0     5024      63    0    0    0     0       0          0
s3-eth2:    5024      63    0    0    0     0          0         0     5159      64    0    0    0     0       0          0
