s1-eth3: 9901725457 6869348    0    0    0     0          0         0   231361    2576    0    0    0     0       0          0
s1-eth4:    1898      23    0    0    0     0          0         0     5548      39    0    0    0     0       0          0
s1-eth5:    1702      21    0    0    0     0          0         0     5352      37    0    0    0     0       0          0
s1-eth6:    1702      21    0    0    0     0          0         0     5457      38    0    0    0     0       0          0
s1-eth7:    1702      21    0    0    0     0          0         0     5352      37    0    0    0     0       0          0
s1-eth8:    1702      21    0    0    0     0          0         0     5352      37    0    0    0     0       0          0
s1-eth9:    1702      21    0    0    0     0          0         0     5352      37    0    0    0     0       0          0
s1-eth10:    1702      21    0    0    0     0          0         0     5352      37    0    0    0     0       0          0
s1-eth11:    1702      21    0    0    0     0          0         0     5352      37    0    0    0     0       0          0
s1-eth12:    1702      21    0    0    0     0          0         0     5352      37    0    0    0     0       0          0
s1-eth13:    1702      21    0    0    0     0          0         0     5352      37    0    0    0     0       0          0
s1-eth14:    1702      21    0    0    0     0          0         0     5352      37    0    0    0     0       0          0
s1-eth15:    1702      21    0    0    0     0          0         0     5352      37    0    0    0     0       0          0
s1-eth16:    1702      21    0    0    0     0          0         0     5352      37    0    0    0     0       0          0
s1-eth17:    1702      21    0    0    0     0          0         0     5352      37    0    0    0     0       0          0
s1-eth18:    1702      21    0    0    0     0          0         0     5352      37    0    0    0     0       0          0
s1-eth19:    1702      21    0    0    0     0          0         0     5352      37    0    0    0     0       0          0
s1-eth20:    1702      21    0    0    0     0          0         0     5352      37    0    0    0     0       0          0
s1-eth21:    1702      21    0    0    0     0          0         0     5457      38    0    0    0     0       0          0
s1-eth22:    1702      21    0    0    0     0          0         0     5352      37    0    0    0     0       0          0
s1-eth23:    1702      21    0    0    0     0          0         0     5352      37    0    0    0     0       0          0
s1-eth24:    1702      21    0    0    0     0          0         0     5352      37    0    0    0     0       0          0
s1-eth25:    1702      21    0    0    0     0          0         0     5352      37    0    0    0     0       0          0
s1-eth26:    1702      21    0    0    0     0          0         0     5352      37    0    0    0     0       0          0
s1-eth27:    1702      21    0    0    0     0          0         0     5352      37    0    0    0     0       0          0
s1-eth28:    1702      21    0    0    0     0          0         0     5352      37    0    0    0     0       0          0
s1-eth29:    1702      21    0    0    0     0          0         0     5352      37    0    0    0     0       0          0
s1-eth30:    1702      21    0    0    0     0          0         0     5352      37    0    0    0     0       0          0
s1-eth31:    1702      21    0    0    0     0          0         0     5352      37    0    0    0     0       0          0
s1-eth32:    1702      21    0    0    0     0          0         0     5352      37    0    0    0     0       0          0
s1-eth33:    1702      21    0    0    0     0          0         0     5352      37    0    0    0     0       0          0
s1-eth34:    1702      21    0    0    0     0          0         0     5352      37    0    0    0     0       0          0
s3-eth3:  227515    2558    0    0    0     0          0         0 9341849339 6481096    0    0    0     0       0          0
s3-eth4:    1702      21    0    0    0     0          0         0     5352      37    0    0    0     0       0          0
s3-eth5:    1702      21    0    0    0     0          0         0     5352      37    0    0    0     0       0          0
s3-eth6:    1702      21    0    0    0     0          0         0     5352      37    0    0    0     0       0          0
s3-eth7:    1702      21    0    0    0     0          0         0     5352      37    0    0    0     0       0          0
s3-eth8:    1702      21    0    0    0     0          0         0     5352      37    0    0    0     0       0          0
s3-eth9:    1772      22    0    0    0     0          0         0     5352      37    0    0    0     0       0          0
s3-eth10:    1702      21    0    0    0     0          0         0     5352      37    0    0    0     0       0          0
s3-eth11:    1702      21    0    0    0     0          0         0     5352      37    0    0    0     0       0          0
s3-eth12:    1702      21    0    0    0     0          0         0     5352      37    0    0    0     0       0          0
s3-eth13:    1702      21    0    0    0     0          0         0     5352      37    0    0    0     0       0          0
s3-eth14:    1702      21    0    0    0     0          0         0     5352      37    0    0    0     0       0          0
s3-eth15:    1702      21    0    0    0     0          0         0     5352      37    0    0    0     0       0          0
s3-eth16:    1702      21    0    0    0     0          0         0     5352      37    0    0    0     0       0          0
s3-eth17:    1702      21    0    0    0     0          0         0     5352      37    0    0    0     0       0          0
s3-eth18:    1702      21    0    0    0     0          0         0     5352      37    0    0    0     0       0          0
s3-eth19:    1702      21    0    0    0     0          0         0     5352      37    0    0    0     0       0          0
s3-eth20:    1702      21    0    0    0     0          0         0     5352      37    0    0    0     0       0          0
s3-eth21:    1702      21    0    0    0     0          0         0     5262      36    0    0    0     0       0          0
s3-eth22:    1702      21    0    0    0     0          0         0     5352      37    0    0    0     0       0          0
s3-eth23:    1702      21    0    0    0     0          0         0     5352      37    0    0    0     0       0          0
s3-eth24:    1702      21    0    0    0     0          0         0     5352      37    0    0    0     0       0          0
s3-eth25:    1702      21    0    0    0     0          0         0     5352      37    0    0    0     0       0          0
s3-eth26:    1702      21    0    0    0     0          0         0     5352      37    0    0    0     0       0          0
s3-eth27:    1612      20    0    0    0     0          0         0     5352      37    0    0    0     0       0          0
s3-eth28:    1702      21    0    0    0     0          0         0     5352      37    0    0    0     0       0          0
s3-eth29:    1702      21    0    0    0     0          0         0     5352      37    0    0    0     0       0          0
s3-eth30:    1702      21    0    0    0     0          0         0     5352      37    0    0    0     0       0          0
s3-eth31:    1702      21    0    0    0     0          0         0     5352      37    0    0    0     0       0          0
s3-eth32:    1702      21    0    0    0     0          0         0     5352      37    0    0    0     0       0          0
s3-eth33:    1702      21    0    0    0     0          0         0     5352      37    0    0    0     0       0          0
s3-eth34:    1702      21    0    0    0     0          0         0     5352      37    0    0    0     0       0          0
s1-eth1:  248144    3209    0    0    0     0          0         0 9470026952 6570608    0    0    0     0       0          0
s1-eth2:   22436     673    0    0    0     0          0         0    22464     673    0    0    0     0       0          0
s3-eth1: 9389107680 6514492    0    0    0     0          0         0   248144    3209    0    0    0     0       0          0
s3-eth2:   22331     672    0    0    0     0          0         0    22331     672    0    0    0     0       0          0
