s1-eth3:    2596      30    0    0    0     0          0         0     4729      68    0    0    0     0       0          0
s1-eth4:    2302      27    0    0    0     0          0         0     4365      64    0    0    0     0       0          0
s1-eth5:    2106      25    0    0    0     0          0         0     4169      62    0    0    0     0       0          0
s1-eth6:    2106      25    0    0    0     0          0         0     4169      62    0    0    0     0       0          0
s1-eth7:    2106      25    0    0    0     0          0         0     4169      62    0    0    0     0       0          0
s1-eth8:    2106      25    0    0    0     0          0         0     4169      62    0    0    0     0       0          0
s1-eth9:    2106      25    0    0    0     0          0         0     4169      62    0    0    0     0       0          0
s1-eth10:    2106      25    0    0    0     0          0         0     4239      63    0    0    0     0       0          0
s1-eth11:    2106      25    0    0    0     0          0         0     4169      62    0    0    0     0       0          0
s1-eth12:    2106      25    0    0    0     0          0         0     4239      63    0    0    0     0       0          0
s1-eth13:    2106      25    0    0    0     0          0         0     4169      62    0    0    0     0       0          0
s1-eth14:    2106      25    0    0    0     0          0         0     4239      63    0    0    0     0       0          0
s1-eth15:    2106      25    0    0    0     0          0         0     4169      62    0    0    0     0       0          0
s1-eth16:    2106      25    0    0    0     0          0         0     4169      62    0    0    0     0       0          0
s1-eth17:    2106      25    0    0    0     0          0         0     4169      62    0    0    0     0       0          0
s1-eth18:    2036      24    0    0    0     0          0         0     4169      62    0    0    0     0       0          0
s1-eth19:    2106      25    0    0    0     0          0         0     4299      64    0    0    0     0       0          0
s1-eth20:    2106      25    0    0    0     0          0         0     4349      64    0    0    0     0       0          0
s1-eth21:    2106      25    0    0    0     0          0         0     4239      63    0    0    0     0       0          0
s1-eth22:    2106      25    0    0    0     0          0         0     4169      62    0    0    0     0       0          0
s1-eth23:    2106      25    0    0    0     0          0         0     4279      63    0    0    0     0       0          0
s1-eth24:    2106      25    0    0    0     0          0         0     4169      62    0    0    0     0       0          0
s1-eth25:    2106      25    0    0    0     0          0         0     4239      63    0    0    0     0       0          0
s1-eth26:    2036      24    0    0    0     0          0         0     4239      63    0    0    0     0       0          0
s1-eth27:    2106      25    0    0    0     0          0         0     4349      64    0    0    0     0       0          0
s1-eth28:    2036      24    0    0    0     0          0         0     4239      63    0    0    0     0       0          0
s1-eth29:    2036      24    0    0    0     0          0         0     4239      63    0    0    0     0       0          0
s1-eth30:    2106      25    0    0    0     0          0         0     4239      63    0    0    0     0       0          0
s1-eth31:    2036      24    0    0    0     0          0         0     4239      63    0    0    0     0       0          0
s1-eth32:    2106      25    0    0    0     0          0         0     4239      63    0    0    0     0       0          0
s1-eth33:    2106      25    0    0    0     0          0         0     4239      63    0    0    0     0       0          0
s1-eth34:    2036      24    0    0    0     0          0         0     4169      62    0    0    0     0       0          0
s2-eth3:    2400      28    0    0    0     0          0         0     4463      65    0    0    0     0       0          0
s2-eth4:    2036      24    0    0    0     0          0         0     4239      63    0    0    0     0       0          0
s2-eth5:    2036      24    0    0    0     0          0         0     4239      63    0    0    0     0       0          0
s2-eth6:    2036      24    0    0    0     0          0         0     4349      64    0    0    0     0       0          0
s2-eth7:    2106      25    0    0    0     0          0         0     4349      64    0    0    0     0       0          0
s2-eth8:    2106      25    0    0    0     0          0         0     4279      63    0    0    0     0       0          0
s2-eth9:    2036      24    0    0    0     0          0         0     4169      62    0    0    0     0       0          0
s2-eth10:    2106      25    0    0    0     0          0         0     4239      63    0    0    0     0       0          0
s2-eth11:    2106      25    0    0    0     0          0         0     4239      63    0    0    0     0       0          0
s2-eth12:    2106      25    0    0    0     0          0         0     4349      64    0    0    0     0       0          0
s2-eth13:    2106      25    0    0    0     0          0         0     4349      64    0    0    0     0       0          0
s2-eth14:    2036      24    0    0    0     0          0         0     4349      64    0    0    0     0       0          0
s2-eth15:    2106      25    0    0    0     0          0         0     4349      64    0    0    0     0       0          0
s2-eth16:    2106      25    0    0    0     0          0         0     4349      64    0    0    0     0       0          0
s2-eth17:    2106      25    0    0    0     0          0         0     4349      64    0    0    0     0       0          0
s2-eth18:    2106      25    0    0    0     0          0         0     4279      63    0    0    0     0       0          0
s2-eth19:    2036      24    0    0    0     0          0         0     4349      64    0    0    0     0       0          0
s2-eth20:    2036      24    0    0    0     0          0         0     4239      63    0    0    0     0       0          0
s2-eth21:    2036      24    0    0    0     0          0         0     4239      63    0    0    0     0       0          0
s2-eth22:    2106      25    0    0    0     0          0         0     4239      63    0    0    0     0       0          0
s2-eth23:    2106      25    0    0    0     0          0         0     4349      64    0    0    0     0       0          0
s2-eth24:    2106      25    0    0    0     0          0         0     4349      64    0    0    0     0       0          0
s2-eth25:    2106      25    0    0    0     0          0         0     4239      63    0    0    0     0       0          0
s2-eth26:    2106      25    0    0    0     0          0         0     4349      64    0    0    0     0       0          0
s2-eth27:    2036      24    0    0    0     0          0         0     4349      64    0    0    0     0       0          0
s2-eth28:    2036      24    0    0    0     0          0         0     4419      65    0    0    0     0       0          0
s2-eth29:    2036      24    0    0    0     0          0         0     4349      64    0    0    0     0       0          0
s2-eth30:    2036      24    0    0    0     0          0         0     4349      64    0    0    0     0       0          0
s2-eth31:    2036      24    0    0    0     0          0         0     4349      64    0    0    0     0       0          0
s2-eth32:    2036      24    0    0    0     0          0         0     4239      63    0    0    0     0       0          0
s2-eth33:    2106      25    0    0    0     0          0         0     4349      64    0    0    0     0       0          0
s2-eth34:    2106      25    0    0    0     0          0         0     4349      64    0    0    0     0       0          0
s3-eth3:    2036      24    0    0    0     0          0         0     4349      64    0    0    0     0       0          0
s3-eth4:    2036      24    0    0    0     0          0         0     4349      64    0    0    0     0       0          0
s3-eth5:    2036      24    0    0    0     0          0         0     4349      64    0    0    0     0       0          0
s3-eth6:    2036      24    0    0    0     0          0         0     4349      64    0    0    0     0       0          0
s3-eth7:    2036      24    0    0    0     0          0         0     4239      63    0    0    0     0       0          0
s3-eth8:    2036      24    0    0    0     0          0         0     4349      64    0    0    0     0       0          0
s3-eth9:    2036      24    0    0    0     0          0         0     4349      64    0    0    0     0       0          0
s3-eth10:    2036      24    0    0    0     0          0         0     4349      64    0    0    0     0       0          0
s3-eth11:    2036      24    0    0    0     0          0         0     4349      64    0    0    0     0       0          0
s3-eth12:    2036      24    0    0    0     0          0         0     4349      64    0    0    0     0       0          0
s3-eth13:    2036      24    0    0    0     0          0         0     4349      64    0    0    0     0       0          0
s3-eth14:    2036      24    0    0    0     0          0         0     4349      64    0    0    0     0       0          0
s3-eth15:    2036      24    0    0    0     0          0         0     4459      65    0    0    0     0       0          0
s3-eth16:    2036      24    0    0    0     0          0         0     4459      65    0    0    0     0       0          0
s3-eth17:    2036      24    0    0    0     0          0         0     4459      65    0    0    0     0       0          0
s3-eth18:    2036      24    0    0    0     0          0         0     4459      65    0    0    0     0       0          0
s3-eth19:    2036      24    0    0    0     0          0         0     4459      65    0    0    0     0       0          0
s3-eth20:    2036      24    0    0    0     0          0         0     4459      65    0    0    0     0       0          0
s3-eth21:    2036      24    0    0    0     0          0         0     4459      65    0    0    0     0       0          0
s3-eth22:    2036      24    0    0    0     0          0         0     4459      65    0    0    0     0       0          0
s3-eth23:    2036      24    0    0    0     0          0         0     4459      65    0    0    0     0       0          0
s3-eth24:    2036      24    0    0    0     0          0         0     4459      65    0    0    0     0       0          0
s3-eth25:    2036      24    0    0    0     0          0         0     4459      65    0    0    0     0       0          0
s3-eth26:    2036      24    0    0    0     0          0         0     4459      65    0    0    0     0       0          0
s3-eth27:    2036      24    0    0    0     0          0         0     4459      65    0    0    0     0       0          0
s3-eth28:    2036      24    0    0    0     0          0         0     4459      65    0    0    0     0       0          0
s3-eth29:    2036      24    0    0    0     0          0         0     4459      65    0    0    0     0       0          0
s3-eth30:    2036      24    0    0    0     0          0         0     4459      65    0    0    0     0       0          0
s3-eth31:    2036      24    0    0    0     0          0         0     4459      65    0    0    0     0       0          0
s3-eth32:    2036      24    0    0    0     0          0         0     4459      65    0    0    0     0       0          0
s3-eth33:    2036      24    0    0    0     0          0         0     4459      65    0    0    0     0       0          0
s3-eth34:    2036      24    0    0    0     0          0         0     4459      65    0    0    0     0       0          0
s4-eth3:    2036      24    0    0    0     0          0         0     4459      65    0    0    0     0       0          0
s4-eth4:    2036      24    0    0    0     0          0         0     4459      65    0    0    0     0       0          0
s4-eth5:    2036      24    0    0    0     0          0         0     4459      65    0    0    0     0       0          0
s4-eth6:    2036      24    0    0    0     0          0         0     4459      65    0    0    0     0       0          0
s4-eth7:    2036      24    0    0    0     0          0         0     4459      65    0    0    0     0       0          0
s4-eth8:    2036      24    0    0    0     0          0         0     4459      65    0    0    0     0       0          0
s4-eth9:    2036      24    0    0    0     0          0         0     4459      65    0    0    0     0       0          0
s4-eth10:    2036      24    0    0    0     0          0         0     4459      65    0    0    0     0       0          0
s4-eth11:    2036      24    0    0    0     0          0         0     4459      65    0    0    0     0       0          0
s4-eth12:    2036      24    0    0    0     0          0         0     4459      65    0    0    0     0       0          0
s4-eth13:    2036      24    0    0    0     0          0         0     4459      65    0    0    0     0       0          0
s4-eth14:    2036      24    0    0    0     0          0         0     4519      66    0    0    0     0       0          0
s4-eth15:    2036      24    0    0    0     0          0         0     4459      65    0    0    0     0       0          0
s4-eth16:    2036      24    0    0    0     0          0         0     4459      65    0    0    0     0       0          0
s4-eth17:    2036      24    0    0    0     0          0         0     4459      65    0    0    0     0       0          0
s4-eth18:    2036      24    0    0    0     0          0         0     4459      65    0    0    0     0       0          0
s4-eth19:    2036      24    0    0    0     0          0         0     4459      65    0    0    0     0       0          0
s4-eth20:    2036      24    0    0    0     0          0         0     4459      65    0    0    0     0       0          0
s4-eth21:    2036      24    0    0    0     0          0         0     4519      66    0    0    0     0       0          0
s4-eth22:    2036      24    0    0    0     0          0         0     4459      65    0    0    0     0       0          0
s4-eth23:    2036      24    0    0    0     0          0         0     4459      65    0    0    0     0       0          0
s4-eth24:    2036      24    0    0    0     0          0         0     4459      65    0    0    0     0       0          0
s4-eth25:    2036      24    0    0    0     0          0         0     4459      65    0    0    0     0       0          0
s4-eth26:    2036      24    0    0    0     0          0         0     4459      65    0    0    0     0       0          0
s4-eth27:    2036      24    0    0    0     0          0         0     4459      65    0    0    0     0       0          0
s4-eth28:    2036      24    0    0    0     0          0         0     4459      65    0    0    0     0       0          0
s4-eth29:    2036      24    0    0    0     0          0         0     4459      65    0    0    0     0       0          0
s4-eth30:    2036      24    0    0    0     0          0         0     4459      65    0    0    0     0       0          0
s4-eth31:    1966      23    0    0    0     0          0         0     4459      65    0    0    0     0       0          0
s4-eth32:    2036      24    0    0    0     0          0         0     4459      65    0    0    0     0       0          0
s4-eth33:    2036      24    0    0    0     0          0         0     4459      65    0    0    0     0       0          0
s4-eth34:    2036      24    0    0    0     0          0         0     4459      65    0    0    0     0       0          0
s5-eth1:    7194      78    0    0    0     0          0         0     7573      82    0    0    0     0       0          0
s1-eth1:    7573      82    0    0    0     0          0         0     7194      78    0    0    0     0       0          0
s6-eth1:    4593      67    0    0    0     0          0         0     7254      79    0    0    0     0       0          0
s1-eth2:    7254      79    0    0    0     0          0         0     4593      67    0    0    0     0       0          0
s5-eth2:    7780      83    0    0    0     0          0         0     4442      64    0    0    0     0       0          0
s2-eth1:    4442      64    0    0    0     0          0         0     7780      83    0    0    0     0       0          0
s6-eth2:    4239      63    0    0    0     0          0         0     4593      67    0    0    0     0       0          0
s2-eth2:    4593      67    0    0    0     0          0         0     4239      63    0    0    0     0       0          0
s7-eth1:    7397      79    0    0    0     0          0         0     7397      79    0    0    0     0       0          0
s3-eth1:    7397      79    0    0    0     0          0         0     7397      79    0    0    0     0       0          0
s8-eth1:    4442      64    0    0    0     0          0         0     7397      79    0    0    0     0       0          0
s3-eth2:    7397      79    0    0    0     0          0         0     4442      64    0    0    0     0       0          0
s7-eth2:    7457      80    0    0    0     0          0         0     4502      65    0    0    0     0       0          0
s4-eth1:    4502      65    0    0    0     0          0         0     7457      80    0    0    0     0       0          0
s8-eth2:    4442      64    0    0    0     0          0         0     4442      64    0    0    0     0       0          0
s4-eth2:    4442      64    0    0    0     0          0         0     4442      64    0    0    0     0       0          0
s9-eth1:    4442      64    0    0    0     0          0         0     7397      79    0    0    0     0       0          0
s5-eth3:    7397      79    0    0    0     0          0         0     4442      64    0    0    0     0       0          0
s10-eth1:    4442      64    0    0    0     0          0         0     7397      79    0    0    0     0       0          0
s5-eth4:    7397      79    0    0    0     0          0         0     4442      64    0    0    0     0       0          0
s9-eth2:    4502      65    0    0    0     0          0         0     4442      64    0    0    0     0       0          0
s6-eth3:    4442      64    0    0    0     0          0         0     4502      65    0    0    0     0       0          0
s10-eth2:    4502      65    0    0    0     0          0         0     4502      65    0    0    0     0       0          0
s6-eth4:    4502      65    0    0    0     0          0         0     4502      65    0    0    0     0       0          0
s9-eth3:    4502      65    0    0    0     0          0         0     4442      64    0    0    0     0       0          0
s7-eth3:    4442      64    0    0    0     0          0         0     4502      65    0    0    0     0       0          0
s10-eth3:    4442      64    0    0    0     0          0         0     4502      65    0    0    0     0       0          0
s7-eth4:    4502      65    0    0    0     0          0         0     4442      64    0    0    0     0       0          0
s9-eth4:    4442      64    0    0    0     0          0         0     4442      64    0    0    0     0       0          0
s8-eth3:    4442      64    0    0    0     0          0         0     4442      64    0    0    0     0       0          0
s10-eth4:    4442      64    0    0    0     0          0         0     4502      65    0    0    0     0       0          0
s8-eth4:    4502      65    0    0    0     0          0         0     4442      64    0    0    0     0       0          0
