s1-eth3: 548820614  536101    0    0    0     0          0         0    15492     156    0    0    0     0       0          0
s2-eth3:    1282      15    0    0    0     0          0         0     4326      30    0    0    0     0       0          0
s3-eth3:     996      12    0    0    0     0          0         0     4130      28    0    0    0     0       0          0
s4-eth3:   12162     138    0    0    0     0          0         0 548586918  535883    0    0    0     0       0          0
s5-eth1:    5174      69    0    0    0     0          0         0    16536     197    0    0    0     0       0          0
s1-eth1:   16536     197    0    0    0     0          0         0     5174      69    0    0    0     0       0          0
s6-eth1: 548784766  536118    0    0    0     0          0         0     5174      69    0    0    0     0       0          0
s1-eth2:    5174      69    0    0    0     0          0         0 548784766  536118    0    0    0     0       0          0
s5-eth2:    5370      71    0    0    0     0          0         0     5174      69    0    0    0     0       0          0
s2-eth1:    5174      69    0    0    0     0          0         0     5370      71    0    0    0     0       0          0
s6-eth2:    5174      69    0    0    0     0          0         0     5370      71    0    0    0     0       0          0
s2-eth2:    5370      71    0    0    0     0          0         0     5174      69    0    0    0     0       0          0
s7-eth1:    5174      69    0    0    0     0          0         0     5174      69    0    0    0     0       0          0
s3-eth1:    5174      69    0    0    0     0          0         0     5174      69    0    0    0     0       0          0
s8-eth1:    5174      69    0    0    0     0          0         0     5174      69    0    0    0     0       0          0
s3-eth2:    5174      69    0    0    0     0          0         0     5174      69    0    0    0     0       0          0
s7-eth2:   16340     195    0    0    0     0          0         0     3753      62    0    0    0     0       0          0
s4-eth1:    3753      62    0    0    0     0          0         0    16340     195    0    0    0     0       0          0
s8-eth2:    5174      69    0    0    0     0          0         0 548664762  535999    0    0    0     0       0          0
s4-eth2: 548664762  535999    0    0    0     0          0         0     5174      69    0    0    0     0       0          0
s9-eth1:    5174      69    0    0    0     0          0         0     5174      69    0    0    0     0       0          0
s5-eth3:    5174      69    0    0    0     0          0         0     5174      69    0    0    0     0       0          0
s10-eth1:    5174      69    0    0    0     0          0         0    16382     195    0    0    0     0       0          0
s5-eth4:   16382     195    0    0    0     0          0         0     5174      69    0    0    0     0       0          0
s9-eth2:    5174      69    0    0    0     0          0         0     5174      69    0    0    0     0       0          0
s6-eth3:    5174      69    0    0    0     0          0         0     5174      69    0    0    0     0       0          0
s10-eth2: 548763199  536096    0    0    0     0          0         0     5216      69    0    0    0     0       0          0
s6-eth4:    5216      69    0    0    0     0          0         0 548763199  536096    0    0    0     0       0          0
s9-eth3:    5174      69    0    0    0     0          0         0     5174      69    0    0    0     0       0          0
s7-eth3:    5174      69    0    0    0     0          0         0     5174      69    0    0    0     0       0          0
s10-eth3:   16242     195    0    0    0     0          0         0     5216      69    0    0    0     0       0          0
s7-eth4:    5216      69    0    0    0     0          0         0    16242     195    0    0    0     0       0          0
s9-eth4:    5174      69    0    0    0     0          0         0     5174      69    0    0    0     0       0          0
s8-eth3:    5174      69    0    0    0     0          0         0     5174      69    0    0    0     0       0          0
s10-eth4:    5174      69    0    0    0     0          0         0 548702692  536036    0    0    0     0       0          0
s8-eth4: 548702692  536036    0    0    0     0          0         0     5174      69    0    0    0     0       0          0
