s1-eth3: 5682330    4078    0    0    0     0          0         0    15269     150    0    0    0     0       0          0
s1-eth4:    1828      22    0    0    0     0          0         0     5275      37    0    0    0     0       0          0
s1-eth5:    1632      20    0    0    0     0          0         0     5079      35    0    0    0     0       0          0
s1-eth6:    1632      20    0    0    0     0          0         0     5184      36    0    0    0     0       0          0
s1-eth7:    1632      20    0    0    0     0          0         0     5079      35    0    0    0     0       0          0
s1-eth8:    1632      20    0    0    0     0          0         0     5079      35    0    0    0     0       0          0
s1-eth9:    1632      20    0    0    0     0          0         0     5079      35    0    0    0     0       0          0
s1-eth10:    1632      20    0    0    0     0          0         0     5079      35    0    0    0     0       0          0
s1-eth11:    1632      20    0    0    0     0          0         0     5079      35    0    0    0     0       0          0
s1-eth12:    1632      20    0    0    0     0          0         0     5079      35    0    0    0     0       0          0
s1-eth13:    1632      20    0    0    0     0          0         0     5079      35    0    0    0     0       0          0
s1-eth14:    1632      20    0    0    0     0          0         0     5079      35    0    0    0     0       0          0
s1-eth15:    1632      20    0    0    0     0          0         0     5079      35    0    0    0     0       0          0
s1-eth16:    1632      20    0    0    0     0          0         0     5079      35    0    0    0     0       0          0
s1-eth17:    1632      20    0    0    0     0          0         0     5079      35    0    0    0     0       0          0
s1-eth18:    1632      20    0    0    0     0          0         0     5079      35    0    0    0     0       0          0
s1-eth19:    1632      20    0    0    0     0          0         0     5079      35    0    0    0     0       0          0
s1-eth20:    1632      20    0    0    0     0          0         0     5079      35    0    0    0     0       0          0
s1-eth21:    1632      20    0    0    0     0          0         0     5184      36    0    0    0     0       0          0
s1-eth22:    1632      20    0    0    0     0          0         0     5079      35    0    0    0     0       0          0
s1-eth23:    1632      20    0    0    0     0          0         0     5079      35    0    0    0     0       0          0
s1-eth24:    1632      20    0    0    0     0          0         0     5079      35    0    0    0     0       0          0
s1-eth25:    1632      20    0    0    0     0          0         0     5079      35    0    0    0     0       0          0
s1-eth26:    1632      20    0    0    0     0          0         0     5079      35    0    0    0     0       0          0
s1-eth27:    1632      20    0    0    0     0          0         0     5079      35    0    0    0     0       0          0
s1-eth28:    1632      20    0    0    0     0          0         0     5079      35    0    0    0     0       0          0
s1-eth29:    1632      20    0    0    0     0          0         0     5079      35    0    0    0     0       0          0
s1-eth30:    1632      20    0    0    0     0          0         0     5079      35    0    0    0     0       0          0
s1-eth31:    1632      20    0    0    0     0          0         0     5079      35    0    0    0     0       0          0
s1-eth32:    1632      20    0    0    0     0          0         0     5079      35    0    0    0     0       0          0
s1-eth33:    1632      20    0    0    0     0          0         0     5079      35    0    0    0     0       0          0
s1-eth34:    1632      20    0    0    0     0          0         0     5079      35    0    0    0     0       0          0
s3-eth3:   11626     133    0    0    0     0          0         0  5685581    4091    0    0    0     0       0          0
s3-eth4:    1632      20    0    0    0     0          0         0     5079      35    0    0    0     0       0          0
s3-eth5:    1632      20    0    0    0     0          0         0     5079      35    0    0    0     0       0          0
s3-eth6:    1632      20    0    0    0     0          0         0     5079      35    0    0    0     0       0          0
s3-eth7:    1632      20    0    0    0     0          0         0     5079      35    0    0    0     0       0          0
s3-eth8:    1632      20    0    0    0     0          0         0     5079      35    0    0    0     0       0          0
s3-eth9:    1632      20    0    0    0     0          0         0     5079      35    0    0    0     0       0          0
s3-eth10:    1632      20    0    0    0     0          0         0     5079      35    0    0    0     0       0          0
s3-eth11:    1632      20    0    0    0     0          0         0     5079      35    0    0    0     0       0          0
s3-eth12:    1632      20    0    0    0     0          0         0     5079      35    0    0    0     0       0          0
s3-eth13:    1632      20    0    0    0     0          0         0     5079      35    0    0    0     0       0          0
s3-eth14:    1632      20    0    0    0     0          0         0     5079      35    0    0    0     0       0          0
s3-eth15:    1632      20    0    0    0     0          0         0     5009      34    0    0    0     0       0          0
s3-eth16:    1632      20    0    0    0     0          0         0     5079      35    0    0    0     0       0          0
s3-eth17:    1632      20    0    0    0     0          0         0     5079      35    0    0    0     0       0          0
s3-eth18:    1632      20    0    0    0     0          0         0     5079      35    0    0    0     0       0          0
s3-eth19:    1632      20    0    0    0     0          0         0     5079      35    0    0    0     0       0          0
s3-eth20:    1632      20    0    0    0     0          0         0     5079      35    0    0    0     0       0          0
s3-eth21:    1632      20    0    0    0     0          0         0     4989      34    0    0    0     0       0          0
s3-eth22:    1632      20    0    0    0     0          0         0     5079      35    0    0    0     0       0          0
s3-eth23:    1632      20    0    0    0     0          0         0     5079      35    0    0    0     0       0          0
s3-eth24:    1632      20    0    0    0     0          0         0     5079      35    0    0    0     0       0          0
s3-eth25:    1632      20    0    0    0     0          0         0     5079      35    0    0    0     0       0          0
s3-eth26:    1632      20    0    0    0     0          0         0     5079      35    0    0    0     0       0          0
s3-eth27:    1542      19    0    0    0     0          0         0     5079      35    0    0    0     0       0          0
s3-eth28:    1632      20    0    0    0     0          0         0     5079      35    0    0    0     0       0          0
s3-eth29:    1632      20    0    0    0     0          0         0     5079      35    0    0    0     0       0          0
s3-eth30:    1632      20    0    0    0     0          0         0     5079      35    0    0    0     0       0          0
s3-eth31:    1632      20    0    0    0     0          0         0     5079      35    0    0    0     0       0          0
s3-eth32:    1632      20    0    0    0     0          0         0     5079      35    0    0    0     0       0          0
s3-eth33:    1632      20    0    0    0     0          0         0     5079      35    0    0    0     0       0          0
s3-eth34:    1632      20    0    0    0     0          0         0     5079      35    0    0    0     0       0          0
s1-eth1:   21495     392    0    0    0     0          0         0  5692003    4335    0    0    0     0       0          0
s1-eth2:   11606     280    0    0    0     0          0         0    11634     280    0    0    0     0       0          0
s3-eth1: 5692003    4335    0    0    0     0          0         0    21495     392    0    0    0     0       0          0
s3-eth2:   11501     279    0    0    0     0          0         0    11501     279    0    0    0     0       0          0
