s1-eth3: 565444390  392266    0    0    0     0          0         0    15525     156    0    1    0     0       0          0
s2-eth3:    1278      15    0    0    0     0          0         0     4416      31    0    0    0     0       0          0
s3-eth3:    1086      13    0    0    0     0          0         0     4220      29    0    0    0     0       0          0
s4-eth3:   12281     139    0    0    0     0          0         0 565355040  392216    0    0    0     0       0          0
s5-eth1:    4985      62    0   35    0     0          0         0    16380     190    0    0    0     0       0          0
s1-eth1:   16380     190    0   35    0     0          0         0     4985      62    0    0    0     0       0          0
s6-eth1: 565442611  392312    0   35    0     0          0         0     4985      62    0    0    0     0       0          0
s1-eth2:    4985      62    0   35    0     0          0         0 565442611  392312    0    0    0     0       0          0
s5-eth2:    3760      57    0   35    0     0          0         0     4985      62    0    0    0     0       0          0
s2-eth1:    4985      62    0   35    0     0          0         0     3760      57    0    0    0     0       0          0
s6-eth2:    4985      62    0   35    0     0          0         0     3760      57    0    0    0     0       0          0
s2-eth2:    3760      57    0   35    0     0          0         0     4985      62    0    0    0     0       0          0
s7-eth1:    4985      62    0   35    0     0          0         0     3564      55    0    0    0     0       0          0
s3-eth1:    3564      55    0   35    0     0          0         0     4985      62    0    0    0     0       0          0
s8-eth1:    4985      62    0   35    0     0          0         0     4985      62    0    0    0     0       0          0
s3-eth2:    4985      62    0   35    0     0          0         0     4985      62    0    0    0     0       0          0
s7-eth2:   16184     188    0   35    0     0          0         0     4985      62    0    0    0     0       0          0
s4-eth1:    4985      62    0   35    0     0          0         0    16184     188    0    0    0     0       0          0
s8-eth2:    4985      62    0   35    0     0          0         0 565396271  392278    0    0    0     0       0          0
s4-eth2: 565396271  392278    0   35    0     0          0         0     4985      62    0    0    0     0       0          0
s9-eth1:    4985      62    0   35    0     0          0         0     4985      62    0    0    0     0       0          0
s5-eth3:    4985      62    0   35    0     0          0         0     4985      62    0    0    0     0       0          0
s10-eth1:    4985      62    0   35    0     0          0         0    16121     188    0    0    0     0       0          0
s5-eth4:   16121     188    0   35    0     0          0         0     4985      62    0    0    0     0       0          0
s9-eth2:    4985      62    0   35    0     0          0         0     4985      62    0    0    0     0       0          0
s6-eth3:    4985      62    0   35    0     0          0         0     4985      62    0    0    0     0       0          0
s10-eth2: 565442415  392310    0   35    0     0          0         0     5020      62    0    0    0     0       0          0
s6-eth4:    5020      62    0   35    0     0          0         0 565442415  392310    0    0    0     0       0          0
s9-eth3:    4985      62    0   35    0     0          0         0     3564      55    0    0    0     0       0          0
s7-eth3:    3564      55    0   35    0     0          0         0     4985      62    0    0    0     0       0          0
s10-eth3:   16184     188    0   35    0     0          0         0     5020      62    0    0    0     0       0          0
s7-eth4:    5020      62    0   35    0     0          0         0    16184     188    0    0    0     0       0          0
s9-eth4:    4985      62    0   35    0     0          0         0     4985      62    0    0    0     0       0          0
s8-eth3:    4985      62    0   35    0     0          0         0     4985      62    0    0    0     0       0          0
s10-eth4:    4985      62    0   35    0     0          0         0 565429472  392301    0    0    0     0       0          0
s8-eth4: 565429472  392301    0   35    0     0          0         0     4985      62    0    0    0     0       0          0
