s1-eth3: 889040162 5448228    0    0    0     0          0         0    50426     548    0    1    0     0       0          0
s2-eth3:    1348      16    0    0    0     0          0         0     4416      31    0    0    0     0       0          0
s3-eth3:    1156      14    0    0    0     0          0         0     4220      29    0    0    0     0       0          0
s4-eth3:   47252     532    0    0    0     0          0         0 838579286 4661123    0    0    0     0       0          0
s5-eth1:    4985      62    0   35    0     0          0         0    51281     582    0    0    0     0       0          0
s1-eth1:   51281     582    0   35    0     0          0         0     4985      62    0    0    0     0       0          0
s6-eth1: 849641769 4832702    0   35    0     0          0         0     4985      62    0    0    0     0       0          0
s1-eth2:    4985      62    0   35    0     0          0         0 849641769 4832702    0    0    0     0       0          0
s5-eth2:    3760      57    0   35    0     0          0         0     4985      62    0    0    0     0       0          0
s2-eth1:    4985      62    0   35    0     0          0         0     3760      57    0    0    0     0       0          0
s6-eth2:    4985      62    0   35    0     0          0         0     3760      57    0    0    0     0       0          0
s2-eth2:    3760      57    0   35    0     0          0         0     4985      62    0    0    0     0       0          0
s7-eth1:    4985      62    0   35    0     0          0         0     3564      55    0    0    0     0       0          0
s3-eth1:    3564      55    0   35    0     0          0         0     4985      62    0    0    0     0       0          0
s8-eth1:    4985      62    0   35    0     0          0         0     4985      62    0    0    0     0       0          0
s3-eth2:    4985      62    0   35    0     0          0         0     4985      62    0    0    0     0       0          0
s7-eth2:   51085     580    0   35    0     0          0         0     4985      62    0    0    0     0       0          0
s4-eth1:    4985      62    0   35    0     0          0         0    51085     580    0    0    0     0       0          0
s8-eth2:    4985      62    0   35    0     0          0         0 840995557 4698295    0    0    0     0       0          0
s4-eth2: 840995557 4698295    0   35    0     0          0         0     4985      62    0    0    0     0       0          0
s9-eth1:    4985      62    0   35    0     0          0         0     4985      62    0    0    0     0       0          0
s5-eth3:    4985      62    0   35    0     0          0         0     4985      62    0    0    0     0       0          0
s10-eth1:    4985      62    0   35    0     0          0         0    51022     580    0    0    0     0       0          0
s5-eth4:   51022     580    0   35    0     0          0         0     4985      62    0    0    0     0       0          0
s9-eth2:    4985      62    0   35    0     0          0         0     4985      62    0    0    0     0       0          0
s6-eth3:    4985      62    0   35    0     0          0         0     4985      62    0    0    0     0       0          0
s10-eth2: 846572773 4784750    0   35    0     0          0         0     5020      62    0    0    0     0       0          0
s6-eth4:    5020      62    0   35    0     0          0         0 846572773 4784750    0    0    0     0       0          0
s9-eth3:    4985      62    0   35    0     0          0         0     3564      55    0    0    0     0       0          0
s7-eth3:    3564      55    0   35    0     0          0         0     4985      62    0    0    0     0       0          0
s10-eth3:   51085     580    0   35    0     0          0         0     5020      62    0    0    0     0       0          0
s7-eth4:    5020      62    0   35    0     0          0         0    51085     580    0    0    0     0       0          0
s9-eth4:    4985      62    0   35    0     0          0         0     4985      62    0    0    0     0       0          0
s8-eth3:    4985      62    0   35    0     0          0         0     4985      62    0    0    0     0       0          0
s10-eth4:    4985      62    0   35    0     0          0         0 843788246 4741435    0    0    0     0       0          0
s8-eth4: 843788246 4741435    0   35    0     0          0         0     4985      62    0    0    0     0       0          0
