s1-eth3: 4062846291 3967885    0    0    0     0          0         0    27014     284    0    0    0     0       0          0
s2-eth3:    1348      16    0    0    0     0          0         0     4529      31    0    0    0     0       0          0
s3-eth3:     996      12    0    0    0     0          0         0     4493      31    0    0    0     0       0          0
s4-eth3:   23411     264    0    0    0     0          0         0 3412598238 3332890    0    0    0     0       0          0
s5-eth1:    5620      79    0    0    0     0          0         0    28301     334    0    0    0     0       0          0
s1-eth1:   28301     334    0    0    0     0          0         0     5620      79    0    0    0     0       0          0
s6-eth1: 3473965833 3392868    0    0    0     0          0         0     5620      79    0    0    0     0       0          0
s1-eth2:    5620      79    0    0    0     0          0         0 3473965833 3392868    0    0    0     0       0          0
s5-eth2:    5886      82    0    0    0     0          0         0     4066      72    0    0    0     0       0          0
s2-eth1:    4066      72    0    0    0     0          0         0     5886      82    0    0    0     0       0          0
s6-eth2:    4066      72    0    0    0     0          0         0     5886      82    0    0    0     0       0          0
s2-eth2:    5886      82    0    0    0     0          0         0     4066      72    0    0    0     0       0          0
s7-eth1:    5690      80    0    0    0     0          0         0     3863      71    0    0    0     0       0          0
s3-eth1:    3863      71    0    0    0     0          0         0     5690      80    0    0    0     0       0          0
s8-eth1:    5690      80    0    0    0     0          0         0     5620      79    0    0    0     0       0          0
s3-eth2:    5620      79    0    0    0     0          0         0     5690      80    0    0    0     0       0          0
s7-eth2:   26411     323    0    0    0     0          0         0     5690      80    0    0    0     0       0          0
s4-eth1:    5690      80    0    0    0     0          0         0    26411     323    0    0    0     0       0          0
s8-eth2:    5620      79    0    0    0     0          0         0 3425867333 3345895    0    0    0     0       0          0
s4-eth2: 3425867333 3345895    0    0    0     0          0         0     5620      79    0    0    0     0       0          0
s9-eth1:    5690      80    0    0    0     0          0         0     3996      71    0    0    0     0       0          0
s5-eth3:    3996      71    0    0    0     0          0         0     5690      80    0    0    0     0       0          0
s10-eth1:    5620      79    0    0    0     0          0         0    28086     331    0    0    0     0       0          0
s5-eth4:   28086     331    0    0    0     0          0         0     5620      79    0    0    0     0       0          0
s9-eth2:    5620      79    0    0    0     0          0         0     5620      79    0    0    0     0       0          0
s6-eth3:    5620      79    0    0    0     0          0         0     5620      79    0    0    0     0       0          0
s10-eth2: 3458708328 3377960    0    0    0     0          0         0     5741      80    0    0    0     0       0          0
s6-eth4:    5741      80    0    0    0     0          0         0 3458708328 3377960    0    0    0     0       0          0
s9-eth3:    5690      80    0    0    0     0          0         0     5620      79    0    0    0     0       0          0
s7-eth3:    5620      79    0    0    0     0          0         0     5690      80    0    0    0     0       0          0
s10-eth3:   28105     332    0    0    0     0          0         0     5741      80    0    0    0     0       0          0
s7-eth4:    5741      80    0    0    0     0          0         0    28105     332    0    0    0     0       0          0
s9-eth4:    3996      71    0    0    0     0          0         0     5620      79    0    0    0     0       0          0
s8-eth3:    5620      79    0    0    0     0          0         0     3996      71    0    0    0     0       0          0
s10-eth4:    5550      79    0    0    0     0          0         0 3442548344 3362185    0    0    0     0       0          0
s8-eth4: 3442548344 3362185    0    0    0     0          0         0     5550      79    0    0    0     0       0          0
