s1-eth3: 4324992430 8063760    0    0    0     0          0         0    51916     564    0    0    0     0       0          0
s2-eth3:    1348      16    0    0    0     0          0         0     4599      32    0    0    0     0       0          0
s3-eth3:    1066      13    0    0    0     0          0         0     4493      31    0    0    0     0       0          0
s4-eth3:   48383     545    0    0    0     0          0         0 3631927667 6759754    0    0    0     0       0          0
s5-eth1:    6689     117    0    0    0     0          0         0    54202     651    0    0    0     0       0          0
s1-eth1:   54202     651    0    0    0     0          0         0     6689     117    0    0    0     0       0          0
s6-eth1: 3695914507 6860679    0    0    0     0          0         0     6689     117    0    0    0     0       0          0
s1-eth2:    6689     117    0    0    0     0          0         0 3695914507 6860679    0    0    0     0       0          0
s5-eth2:    6885     119    0    0    0     0          0         0     5065     109    0    0    0     0       0          0
s2-eth1:    5065     109    0    0    0     0          0         0     6885     119    0    0    0     0       0          0
s6-eth2:    5065     109    0    0    0     0          0         0     6885     119    0    0    0     0       0          0
s2-eth2:    6885     119    0    0    0     0          0         0     5065     109    0    0    0     0       0          0
s7-eth1:    6689     117    0    0    0     0          0         0     4862     108    0    0    0     0       0          0
s3-eth1:    4862     108    0    0    0     0          0         0     6689     117    0    0    0     0       0          0
s8-eth1:    6689     117    0    0    0     0          0         0     6689     117    0    0    0     0       0          0
s3-eth2:    6689     117    0    0    0     0          0         0     6689     117    0    0    0     0       0          0
s7-eth2:   52382     641    0    0    0     0          0         0     6689     117    0    0    0     0       0          0
s4-eth1:    6689     117    0    0    0     0          0         0    52382     641    0    0    0     0       0          0
s8-eth2:    6689     117    0    0    0     0          0         0 3645867399 6783259    0    0    0     0       0          0
s4-eth2: 3645867399 6783259    0    0    0     0          0         0     6689     117    0    0    0     0       0          0
s9-eth1:    6689     117    0    0    0     0          0         0     5065     109    0    0    0     0       0          0
s5-eth3:    5065     109    0    0    0     0          0         0     6689     117    0    0    0     0       0          0
s10-eth1:    6689     117    0    0    0     0          0         0    54094     649    0    0    0     0       0          0
s5-eth4:   54094     649    0    0    0     0          0         0     6689     117    0    0    0     0       0          0
s9-eth2:    6689     117    0    0    0     0          0         0     6689     117    0    0    0     0       0          0
s6-eth3:    6689     117    0    0    0     0          0         0     6689     117    0    0    0     0       0          0
s10-eth2: 3680083172 6836805    0    0    0     0          0         0     6777     117    0    0    0     0       0          0
s6-eth4:    6777     117    0    0    0     0          0         0 3680083172 6836805    0    0    0     0       0          0
s9-eth3:    6759     118    0    0    0     0          0         0     6689     117    0    0    0     0       0          0
s7-eth3:    6689     117    0    0    0     0          0         0     6759     118    0    0    0     0       0          0
s10-eth3:   54006     649    0    0    0     0          0         0     6777     117    0    0    0     0       0          0
s7-eth4:    6777     117    0    0    0     0          0         0    54006     649    0    0    0     0       0          0
s9-eth4:    5065     109    0    0    0     0          0         0     6689     117    0    0    0     0       0          0
s8-eth3:    6689     117    0    0    0     0          0         0     5065     109    0    0    0     0       0          0
s10-eth4:    6619     117    0    0    0     0          0         0 3663358175 6812201    0    0    0     0       0          0
s8-eth4: 3663358175 6812201    0    0    0     0          0         0     6619     117    0    0    0     0       0          0
