cpu  25486407 6073 5324456 254531501 591969 0 230024 0 91164 0
cpu0 2458023 943 464362 17321625 50641 0 18401 0 13907 0
cpu1 1803238 437 261240 18344619 29474 0 15304 0 8842 0
cpu2 2596638 989 514603 17183653 55230 0 14641 0 15113 0
cpu3 1889590 736 249686 18370457 23496 0 12315 0 7756 0
cpu4 2095892 320 547202 17673625 59754 0 17633 0 6574 0
cpu5 1945351 283 490400 17888076 61867 0 17752 0 5748 0
cpu6 1818458 330 441811 18082599 56833 0 16247 0 4683 0
cpu7 1759878 413 413148 18185330 55897 0 16495 0 4214 0
cpu8 1770904 396 406689 18212032 47618 0 15873 0 4579 0
cpu9 1765746 284 392927 18233525 48925 0 15699 0 4619 0
cpu10 1759399 289 371347 18254138 45768 0 30037 0 5673 0
cpu11 1786480 338 361839 18248718 45273 0 15201 0 4951 0
cpu12 1036622 171 203978 19285560 5698 0 12172 0 2119 0
cpu13 1000181 136 205219 19247539 5489 0 12246 0 2381 0
procs_running 4
procs_blocked 0
MemTotal:       15782176 kB
MemAvailable:    3367048 kB
SwapTotal:      20971512 kB
SwapFree:       10864728 kB
pgsteal_direct 1497016
pgscan_direct 2243804
