cpu  25473884 6073 5321106 254504561 591342 0 229646 0 91088 0
cpu0 2457138 943 464169 17319678 50585 0 18389 0 13902 0
cpu1 1802173 437 260970 18342844 29453 0 15299 0 8836 0
cpu2 2595692 989 514400 17181761 55183 0 14619 0 15108 0
cpu3 1888522 736 249467 18368737 23471 0 12198 0 7750 0
cpu4 2094902 320 546910 17671873 59676 0 17623 0 6567 0
cpu5 1944363 283 490117 17886313 61785 0 17736 0 5742 0
cpu6 1817514 330 441536 18080773 56756 0 16236 0 4676 0
cpu7 1758975 413 412864 18183528 55830 0 16423 0 4210 0
cpu8 1769836 396 406397 18210320 47570 0 15862 0 4568 0
cpu9 1764689 284 392611 18231828 48884 0 15671 0 4611 0
cpu10 1758287 289 371020 18252496 45731 0 30011 0 5670 0
cpu11 1785414 338 361543 18247014 45234 0 15168 0 4944 0
cpu12 1036401 171 203928 19282693 5694 0 12169 0 2117 0
cpu13 999972 136 205166 19244697 5485 0 12237 0 2380 0
procs_running 13
procs_blocked 0
MemTotal:       15782176 kB
MemAvailable:    3254008 kB
SwapTotal:      20971512 kB
SwapFree:       10997532 kB
pgsteal_direct 1460836
pgscan_direct 2119722
