s1-eth3: 29632601137 20552039    0    0    0     0          0         0   214976    2529    0    0    0     0       0          0
s1-eth4:    2512      30    0    0    0     0          0         0    23604     377    0    0    0     0       0          0
s1-eth5:    2316      28    0    0    0     0          0         0    23408     375    0    0    0     0       0          0
s1-eth6:    2316      28    0    0    0     0          0         0    23408     375    0    0    0     0       0          0
s1-eth7:    2316      28    0    0    0     0          0         0    23408     375    0    0    0     0       0          0
s1-eth8:    2316      28    0    0    0     0          0         0    23408     375    0    0    0     0       0          0
s1-eth9:    2316      28    0    0    0     0          0         0    23408     375    0    0    0     0       0          0
s1-eth10:    2316      28    0    0    0     0          0         0    23478     376    0    0    0     0       0          0
s1-eth11:    2316      28    0    0    0     0          0         0    23408     375    0    0    0     0       0          0
s1-eth12:    2316      28    0    0    0     0          0         0    23478     376    0    0    0     0       0          0
s1-eth13:    2316      28    0    0    0     0          0         0    23408     375    0    0    0     0       0          0
s1-eth14:    2316      28    0    0    0     0          0         0    23478     376    0    0    0     0       0          0
s1-eth15:    2316      28    0    0    0     0          0         0    23408     375    0    0    0     0       0          0
s1-eth16:    2316      28    0    0    0     0          0         0    23408     375    0    0    0     0       0          0
s1-eth17:    2316      28    0    0    0     0          0         0    23408     375    0    0    0     0       0          0
s1-eth18:    2246      27    0    0    0     0          0         0    23408     375    0    0    0     0       0          0
s1-eth19:    2316      28    0    0    0     0          0         0    23538     377    0    0    0     0       0          0
s1-eth20:    2316      28    0    0    0     0          0         0    23588     377    0    0    0     0       0          0
s1-eth21:    2246      27    0    0    0     0          0         0    23408     375    0    0    0     0       0          0
s1-eth22:    2316      28    0    0    0     0          0         0    23408     375    0    0    0     0       0          0
s1-eth23:    2316      28    0    0    0     0          0         0    23518     376    0    0    0     0       0          0
s1-eth24:    2316      28    0    0    0     0          0         0    23408     375    0    0    0     0       0          0
s1-eth25:    2316      28    0    0    0     0          0         0    23478     376    0    0    0     0       0          0
s1-eth26:    2246      27    0    0    0     0          0         0    23478     376    0    0    0     0       0          0
s1-eth27:    2316      28    0    0    0     0          0         0    23588     377    0    0    0     0       0          0
s1-eth28:    2246      27    0    0    0     0          0         0    23478     376    0    0    0     0       0          0
s1-eth29:    2246      27    0    0    0     0          0         0    23478     376    0    0    0     0       0          0
s1-eth30:    2316      28    0    0    0     0          0         0    23478     376    0    0    0     0       0          0
s1-eth31:    2246      27    0    0    0     0          0         0    23478     376    0    0    0     0       0          0
s1-eth32:    2316      28    0    0    0     0          0         0    23478     376    0    0    0     0       0          0
s1-eth33:    2316      28    0    0    0     0          0         0    23408     375    0    0    0     0       0          0
s1-eth34:    2246      27    0    0    0     0          0         0    23408     375    0    0    0     0       0          0
s2-eth3:    2610      31    0    0    0     0          0         0    23702     378    0    0    0     0       0          0
s2-eth4:    2246      27    0    0    0     0          0         0    23478     376    0    0    0     0       0          0
s2-eth5:    2246      27    0    0    0     0          0         0    23478     376    0    0    0     0       0          0
s2-eth6:    2246      27    0    0    0     0          0         0    23588     377    0    0    0     0       0          0
s2-eth7:    2316      28    0    0    0     0          0         0    23588     377    0    0    0     0       0          0
s2-eth8:    2316      28    0    0    0     0          0         0    23458     375    0    0    0     0       0          0
s2-eth9:    2246      27    0    0    0     0          0         0    23408     375    0    0    0     0       0          0
s2-eth10:    2316      28    0    0    0     0          0         0    23418     375    0    0    0     0       0          0
s2-eth11:    2316      28    0    0    0     0          0         0    23478     376    0    0    0     0       0          0
s2-eth12:    2316      28    0    0    0     0          0         0    23588     377    0    0    0     0       0          0
s2-eth13:    2316      28    0    0    0     0          0         0    23588     377    0    0    0     0       0          0
s2-eth14:    2246      27    0    0    0     0          0         0    23588     377    0    0    0     0       0          0
s2-eth15:    2316      28    0    0    0     0          0         0    23588     377    0    0    0     0       0          0
s2-eth16:    2316      28    0    0    0     0          0         0    23588     377    0    0    0     0       0          0
s2-eth17:    2316      28    0    0    0     0          0         0    23588     377    0    0    0     0       0          0
s2-eth18:    2316      28    0    0    0     0          0         0    23518     376    0    0    0     0       0          0
s2-eth19:    2246      27    0    0    0     0          0         0    23588     377    0    0    0     0       0          0
s2-eth20:    2246      27    0    0    0     0          0         0    23478     376    0    0    0     0       0          0
s2-eth21:    2246      27    0    0    0     0          0         0    23478     376    0    0    0     0       0          0
s2-eth22:    2316      28    0    0    0     0          0         0    23478     376    0    0    0     0       0          0
s2-eth23:    2316      28    0    0    0     0          0         0    23588     377    0    0    0     0       0          0
s2-eth24:    2316      28    0    0    0     0          0         0    23588     377    0    0    0     0       0          0
s2-eth25:    2316      28    0    0    0     0          0         0    23478     376    0    0    0     0       0          0
s2-eth26:    2316      28    0    0    0     0          0         0    23588     377    0    0    0     0       0          0
s2-eth27:    2246      27    0    0    0     0          0         0    23528     376    0    0    0     0       0          0
s2-eth28:    2246      27    0    0    0     0          0         0    23588     377    0    0    0     0       0          0
s2-eth29:    2246      27    0    0    0     0          0         0    23588     377    0    0    0     0       0          0
s2-eth30:    2246      27    0    0    0     0          0         0    23588     377    0    0    0     0       0          0
s2-eth31:    2246      27    0    0    0     0          0         0    23588     377    0    0    0     0       0          0
s2-eth32:    2246      27    0    0    0     0          0         0    23478     376    0    0    0     0       0          0
s2-eth33:    2316      28    0    0    0     0          0         0    23588     377    0    0    0     0       0          0
s2-eth34:    2316      28    0    0    0     0          0         0    23588     377    0    0    0     0       0          0
s3-eth3:  193254    2175    0    0    0     0          0         0 29632621859 20552382    0    0    0     0       0          0
s3-eth4:    2246      27    0    0    0     0          0         0    23528     376    0    0    0     0       0          0
s3-eth5:    2246      27    0    0    0     0          0         0    23528     376    0    0    0     0       0          0
s3-eth6:    2246      27    0    0    0     0          0         0    23528     376    0    0    0     0       0          0
s3-eth7:    2246      27    0    0    0     0          0         0    23418     375    0    0    0     0       0          0
s3-eth8:    2246      27    0    0    0     0          0         0    23528     376    0    0    0     0       0          0
s3-eth9:    2176      26    0    0    0     0          0         0    23528     376    0    0    0     0       0          0
s3-eth10:    2246      27    0    0    0     0          0         0    23528     376    0    0    0     0       0          0
s3-eth11:    2246      27    0    0    0     0          0         0    23528     376    0    0    0     0       0          0
s3-eth12:    2246      27    0    0    0     0          0         0    23528     376    0    0    0     0       0          0
s3-eth13:    2246      27    0    0    0     0          0         0    23528     376    0    0    0     0       0          0
s3-eth14:    2246      27    0    0    0     0          0         0    23528     376    0    0    0     0       0          0
s3-eth15:    2246      27    0    0    0     0          0         0    23638     377    0    0    0     0       0          0
s3-eth16:    2246      27    0    0    0     0          0         0    23638     377    0    0    0     0       0          0
s3-eth17:    2246      27    0    0    0     0          0         0    23638     377    0    0    0     0       0          0
s3-eth18:    2246      27    0    0    0     0          0         0    23638     377    0    0    0     0       0          0
s3-eth19:    2246      27    0    0    0     0          0         0    23638     377    0    0    0     0       0          0
s3-eth20:    2246      27    0    0    0     0          0         0    23638     377    0    0    0     0       0          0
s3-eth21:    2246      27    0    0    0     0          0         0    23638     377    0    0    0     0       0          0
s3-eth22:    2246      27    0    0    0     0          0         0    23638     377    0    0    0     0       0          0
s3-eth23:    2246      27    0    0    0     0          0         0    23638     377    0    0    0     0       0          0
s3-eth24:    2176      26    0    0    0     0          0         0    23638     377    0    0    0     0       0          0
s3-eth25:    2246      27    0    0    0     0          0         0    23638     377    0    0    0     0       0          0
s3-eth26:    2246      27    0    0    0     0          0         0    23638     377    0    0    0     0       0          0
s3-eth27:    2246      27    0    0    0     0          0         0    23638     377    0    0    0     0       0          0
s3-eth28:    2246      27    0    0    0     0          0         0    23638     377    0    0    0     0       0          0
s3-eth29:    2246      27    0    0    0     0          0         0    23638     377    0    0    0     0       0          0
s3-eth30:    2246      27    0    0    0     0          0         0    23638     377    0    0    0     0       0          0
s3-eth31:    2246      27    0    0    0     0          0         0    23638     377    0    0    0     0       0          0
s3-eth32:    2246      27    0    0    0     0          0         0    23638     377    0    0    0     0       0          0
s3-eth33:    2246      27    0    0    0     0          0         0    23638     377    0    0    0     0       0          0
s3-eth34:    2246      27    0    0    0     0          0         0    23638     377    0    0    0     0       0          0
s4-eth3:    2246      27    0    0    0     0          0         0    23698     378    0    0    0     0       0          0
s4-eth4:    2246      27    0    0    0     0          0         0    23698     378    0    0    0     0       0          0
s4-eth5:    2246      27    0    0    0     0          0         0    23698     378    0    0    0     0       0          0
s4-eth6:    2246      27    0    0    0     0          0         0    23698     378    0    0    0     0       0          0
s4-eth7:    2246      27    0    0    0     0          0         0    23698     378    0    0    0     0       0          0
s4-eth8:    2246      27    0    0    0     0          0         0    23698     378    0    0    0     0       0          0
s4-eth9:    2246      27    0    0    0     0          0         0    23698     378    0    0    0     0       0          0
s4-eth10:    2246      27    0    0    0     0          0         0    23698     378    0    0    0     0       0          0
s4-eth11:    2246      27    0    0    0     0          0         0    23698     378    0    0    0     0       0          0
s4-eth12:    2246      27    0    0    0     0          0         0    23698     378    0    0    0     0       0          0
s4-eth13:    2246      27    0    0    0     0          0         0    23698     378    0    0    0     0       0          0
s4-eth14:    2246      27    0    0    0     0          0         0    23698     378    0    0    0     0       0          0
s4-eth15:    2246      27    0    0    0     0          0         0    23698     378    0    0    0     0       0          0
s4-eth16:    2246      27    0    0    0     0          0         0    23698     378    0    0    0     0       0          0
s4-eth17:    2246      27    0    0    0     0          0         0    23698     378    0    0    0     0       0          0
s4-eth18:    2246      27    0    0    0     0          0         0    23698     378    0    0    0     0       0          0
s4-eth19:    2246      27    0    0    0     0          0         0    23698     378    0    0    0     0       0          0
s4-eth20:    2246      27    0    0    0     0          0         0    23698     378    0    0    0     0       0          0
s4-eth21:    2246      27    0    0    0     0          0         0    23698     378    0    0    0     0       0          0
s4-eth22:    2246      27    0    0    0     0          0         0    23698     378    0    0    0     0       0          0
s4-eth23:    2246      27    0    0    0     0          0         0    23698     378    0    0    0     0       0          0
s4-eth24:    2246      27    0    0    0     0          0         0    23698     378    0    0    0     0       0          0
s4-eth25:    2246      27    0    0    0     0          0         0    23698     378    0    0    0     0       0          0
s4-eth26:    2246      27    0    0    0     0          0         0    23698     378    0    0    0     0       0          0
s4-eth27:    2246      27    0    0    0     0          0         0    23698     378    0    0    0     0       0          0
s4-eth28:    2246      27    0    0    0     0          0         0    23698     378    0    0    0     0       0          0
s4-eth29:    2246      27    0    0    0     0          0         0    23698     378    0    0    0     0       0          0
s4-eth30:    2246      27    0    0    0     0          0         0    23698     378    0    0    0     0       0          0
s4-eth31:    2176      26    0    0    0     0          0         0    23698     378    0    0    0     0       0          0
s4-eth32:    2246      27    0    0    0     0          0         0    23698     378    0    0    0     0       0          0
s4-eth33:    2246      27    0    0    0     0          0         0    23698     378    0    0    0     0       0          0
s4-eth34:    2246      27    0    0    0     0          0         0    23698     378    0    0    0     0       0          0
s5-eth1:   26982     394    0    0    0     0          0         0   218309    2545    0    0    0     0       0          0
s1-eth1:  218309    2545    0    0    0     0          0         0    26982     394    0    0    0     0       0          0
s6-eth1: 29632622103 20552385    0    0    0     0          0         0    26982     394    0    0    0     0       0          0
s1-eth2:   26982     394    0    0    0     0          0         0 29632622103 20552385    0    0    0     0       0          0
s5-eth2:   27568     399    0    0    0     0          0         0    23621     376    0    0    0     0       0          0
s2-eth1:   23621     376    0    0    0     0          0         0    27568     399    0    0    0     0       0          0
s6-eth2:   23478     376    0    0    0     0          0         0    23772     379    0    0    0     0       0          0
s2-eth2:   23772     379    0    0    0     0          0         0    23478     376    0    0    0     0       0          0
s7-eth1:   27125     394    0    0    0     0          0         0 29632625516 20552401    0    0    0     0       0          0
s3-eth1: 29632625516 20552401    0    0    0     0          0         0    27125     394    0    0    0     0       0          0
s8-eth1:  214629    2524    0    0    0     0          0         0    27185     395    0    0    0     0       0          0
s3-eth2:   27185     395    0    0    0     0          0         0   214629    2524    0    0    0     0       0          0
s7-eth2:   27185     395    0    0    0     0          0         0    23681     377    0    0    0     0       0          0
s4-eth1:   23681     377    0    0    0     0          0         0    27185     395    0    0    0     0       0          0
s8-eth2:   23681     377    0    0    0     0          0         0    23681     377    0    0    0     0       0          0
s4-eth2:   23681     377    0    0    0     0          0         0    23681     377    0    0    0     0       0          0
s9-eth1:   23621     376    0    0    0     0          0         0    27185     395    0    0    0     0       0          0
s5-eth3:   27185     395    0    0    0     0          0         0    23621     376    0    0    0     0       0          0
s10-eth1:   23621     376    0    0    0     0          0         0   218193    2543    0    0    0     0       0          0
s5-eth4:  218193    2543    0    0    0     0          0         0    23621     376    0    0    0     0       0          0
s9-eth2: 29632622012 20552383    0    0    0     0          0         0    23681     377    0    0    0     0       0          0
s6-eth3:   23681     377    0    0    0     0          0         0 29632622012 20552383    0    0    0     0       0          0
s10-eth2:   23681     377    0    0    0     0          0         0    23681     377    0    0    0     0       0          0
s6-eth4:   23681     377    0    0    0     0          0         0    23681     377    0    0    0     0       0          0
s9-eth3:   23681     377    0    0    0     0          0         0 29632622012 20552383    0    0    0     0       0          0
s7-eth3: 29632622012 20552383    0    0    0     0          0         0    23681     377    0    0    0     0       0          0
s10-eth3:   23681     377    0    0    0     0          0         0    23681     377    0    0    0     0       0          0
s7-eth4:   23681     377    0    0    0     0          0         0    23681     377    0    0    0     0       0          0
s9-eth4:   23611     376    0    0    0     0          0         0    23681     377    0    0    0     0       0          0
s8-eth3:   23681     377    0    0    0     0          0         0    23611     376    0    0    0     0       0          0
s10-eth4:  214689    2525    0    0    0     0          0         0    23681     377    0    0    0     0       0          0
s8-eth4:   23681     377    0    0    0     0          0         0   214689    2525    0    0    0     0       0          0
