s1-eth3: 36894069678 25591291    0    0    0     0          0         0   521554    6009    0    0    0     0       0          0
s1-eth4:    2512      30    0    0    0     0          0         0    28044     451    0    0    0     0       0          0
s1-eth5:    2316      28    0    0    0     0          0         0    27848     449    0    0    0     0       0          0
s1-eth6:    2316      28    0    0    0     0          0         0    27848     449    0    0    0     0       0          0
s1-eth7:    2316      28    0    0    0     0          0         0    27848     449    0    0    0     0       0          0
s1-eth8:    2316      28    0    0    0     0          0         0    27848     449    0    0    0     0       0          0
s1-eth9:    2316      28    0    0    0     0          0         0    27848     449    0    0    0     0       0          0
s1-eth10:    2316      28    0    0    0     0          0         0    27918     450    0    0    0     0       0          0
s1-eth11:    2316      28    0    0    0     0          0         0    27848     449    0    0    0     0       0          0
s1-eth12:    2316      28    0    0    0     0          0         0    27918     450    0    0    0     0       0          0
s1-eth13:    2316      28    0    0    0     0          0         0    27848     449    0    0    0     0       0          0
s1-eth14:    2316      28    0    0    0     0          0         0    27918     450    0    0    0     0       0          0
s1-eth15:    2316      28    0    0    0     0          0         0    27848     449    0    0    0     0       0          0
s1-eth16:    2316      28    0    0    0     0          0         0    27848     449    0    0    0     0       0          0
s1-eth17:    2316      28    0    0    0     0          0         0    27848     449    0    0    0     0       0          0
s1-eth18:    2246      27    0    0    0     0          0         0    27848     449    0    0    0     0       0          0
s1-eth19:    2316      28    0    0    0     0          0         0    27978     451    0    0    0     0       0          0
s1-eth20:    2316      28    0    0    0     0          0         0    28028     451    0    0    0     0       0          0
s1-eth21:    2316      28    0    0    0     0          0         0    27918     450    0    0    0     0       0          0
s1-eth22:    2316      28    0    0    0     0          0         0    27848     449    0    0    0     0       0          0
s1-eth23:    2316      28    0    0    0     0          0         0    27958     450    0    0    0     0       0          0
s1-eth24:    2316      28    0    0    0     0          0         0    27848     449    0    0    0     0       0          0
s1-eth25:    2316      28    0    0    0     0          0         0    27918     450    0    0    0     0       0          0
s1-eth26:    2246      27    0    0    0     0          0         0    27918     450    0    0    0     0       0          0
s1-eth27:    2316      28    0    0    0     0          0         0    28028     451    0    0    0     0       0          0
s1-eth28:    2246      27    0    0    0     0          0         0    27918     450    0    0    0     0       0          0
s1-eth29:    2246      27    0    0    0     0          0         0    27918     450    0    0    0     0       0          0
s1-eth30:    2316      28    0    0    0     0          0         0    27918     450    0    0    0     0       0          0
s1-eth31:    2246      27    0    0    0     0          0         0    27918     450    0    0    0     0       0          0
s1-eth32:    2316      28    0    0    0     0          0         0    27918     450    0    0    0     0       0          0
s1-eth33:    2316      28    0    0    0     0          0         0    27848     449    0    0    0     0       0          0
s1-eth34:    2246      27    0    0    0     0          0         0    27848     449    0    0    0     0       0          0
s2-eth3:    2610      31    0    0    0     0          0         0    28142     452    0    0    0     0       0          0
s2-eth4:    2246      27    0    0    0     0          0         0    27918     450    0    0    0     0       0          0
s2-eth5:    2246      27    0    0    0     0          0         0    27918     450    0    0    0     0       0          0
s2-eth6:    2246      27    0    0    0     0          0         0    28028     451    0    0    0     0       0          0
s2-eth7:    2316      28    0    0    0     0          0         0    28028     451    0    0    0     0       0          0
s2-eth8:    2316      28    0    0    0     0          0         0    27958     450    0    0    0     0       0          0
s2-eth9:    2246      27    0    0    0     0          0         0    27848     449    0    0    0     0       0          0
s2-eth10:    2316      28    0    0    0     0          0         0    27918     450    0    0    0     0       0          0
s2-eth11:    2316      28    0    0    0     0          0         0    27918     450    0    0    0     0       0          0
s2-eth12:    2316      28    0    0    0     0          0         0    28028     451    0    0    0     0       0          0
s2-eth13:    2316      28    0    0    0     0          0         0    28028     451    0    0    0     0       0          0
s2-eth14:    2246      27    0    0    0     0          0         0    28028     451    0    0    0     0       0          0
s2-eth15:    2316      28    0    0    0     0          0         0    28028     451    0    0    0     0       0          0
s2-eth16:    2316      28    0    0    0     0          0         0    28028     451    0    0    0     0       0          0
s2-eth17:    2316      28    0    0    0     0          0         0    28028     451    0    0    0     0       0          0
s2-eth18:    2316      28    0    0    0     0          0         0    27958     450    0    0    0     0       0          0
s2-eth19:    2246      27    0    0    0     0          0         0    28028     451    0    0    0     0       0          0
s2-eth20:    2246      27    0    0    0     0          0         0    27918     450    0    0    0     0       0          0
s2-eth21:    2246      27    0    0    0     0          0         0    27918     450    0    0    0     0       0          0
s2-eth22:    2316      28    0    0    0     0          0         0    27918     450    0    0    0     0       0          0
s2-eth23:    2316      28    0    0    0     0          0         0    28028     451    0    0    0     0       0          0
s2-eth24:    2316      28    0    0    0     0          0         0    28028     451    0    0    0     0       0          0
s2-eth25:    2316      28    0    0    0     0          0         0    27918     450    0    0    0     0       0          0
s2-eth26:    2316      28    0    0    0     0          0         0    28028     451    0    0    0     0       0          0
s2-eth27:    2246      27    0    0    0     0          0         0    28028     451    0    0    0     0       0          0
s2-eth28:    2246      27    0    0    0     0          0         0    28028     451    0    0    0     0       0          0
s2-eth29:    2246      27    0    0    0     0          0         0    28028     451    0    0    0     0       0          0
s2-eth30:    2246      27    0    0    0     0          0         0    28028     451    0    0    0     0       0          0
s2-eth31:    2246      27    0    0    0     0          0         0    28028     451    0    0    0     0       0          0
s2-eth32:    2246      27    0    0    0     0          0         0    27918     450    0    0    0     0       0          0
s2-eth33:    2316      28    0    0    0     0          0         0    28028     451    0    0    0     0       0          0
s2-eth34:    2316      28    0    0    0     0          0         0    28028     451    0    0    0     0       0          0
s3-eth3:  495392    5581    0    0    0     0          0         0 36894094900 25591709    0    0    0     0       0          0
s3-eth4:    2246      27    0    0    0     0          0         0    28028     451    0    0    0     0       0          0
s3-eth5:    2246      27    0    0    0     0          0         0    28028     451    0    0    0     0       0          0
s3-eth6:    2246      27    0    0    0     0          0         0    28028     451    0    0    0     0       0          0
s3-eth7:    2246      27    0    0    0     0          0         0    27918     450    0    0    0     0       0          0
s3-eth8:    2246      27    0    0    0     0          0         0    28028     451    0    0    0     0       0          0
s3-eth9:    2246      27    0    0    0     0          0         0    28028     451    0    0    0     0       0          0
s3-eth10:    2246      27    0    0    0     0          0         0    28028     451    0    0    0     0       0          0
s3-eth11:    2246      27    0    0    0     0          0         0    28028     451    0    0    0     0       0          0
s3-eth12:    2246      27    0    0    0     0          0         0    28028     451    0    0    0     0       0          0
s3-eth13:    2246      27    0    0    0     0          0         0    28028     451    0    0    0     0       0          0
s3-eth14:    2246      27    0    0    0     0          0         0    28028     451    0    0    0     0       0          0
s3-eth15:    2246      27    0    0    0     0          0         0    28138     452    0    0    0     0       0          0
s3-eth16:    2246      27    0    0    0     0          0         0    28138     452    0    0    0     0       0          0
s3-eth17:    2246      27    0    0    0     0          0         0    28138     452    0    0    0     0       0          0
s3-eth18:    2246      27    0    0    0     0          0         0    28138     452    0    0    0     0       0          0
s3-eth19:    2246      27    0    0    0     0          0         0    28138     452    0    0    0     0       0          0
s3-eth20:    2246      27    0    0    0     0          0         0    28138     452    0    0    0     0       0          0
s3-eth21:    2246      27    0    0    0     0          0         0    28138     452    0    0    0     0       0          0
s3-eth22:    2246      27    0    0    0     0          0         0    28138     452    0    0    0     0       0          0
s3-eth23:    2246      27    0    0    0     0          0         0    28138     452    0    0    0     0       0          0
s3-eth24:    2246      27    0    0    0     0          0         0    28138     452    0    0    0     0       0          0
s3-eth25:    2246      27    0    0    0     0          0         0    28138     452    0    0    0     0       0          0
s3-eth26:    2246      27    0    0    0     0          0         0    28138     452    0    0    0     0       0          0
s3-eth27:    2246      27    0    0    0     0          0         0    28138     452    0    0    0     0       0          0
s3-eth28:    2246      27    0    0    0     0          0         0    28138     452    0    0    0     0       0          0
s3-eth29:    2246      27    0    0    0     0          0         0    28138     452    0    0    0     0       0          0
s3-eth30:    2246      27    0    0    0     0          0         0    28138     452    0    0    0     0       0          0
s3-eth31:    2246      27    0    0    0     0          0         0    28138     452    0    0    0     0       0          0
s3-eth32:    2246      27    0    0    0     0          0         0    28138     452    0    0    0     0       0          0
s3-eth33:    2246      27    0    0    0     0          0         0    28138     452    0    0    0     0       0          0
s3-eth34:    2246      27    0    0    0     0          0         0    28138     452    0    0    0     0       0          0
s4-eth3:    2246      27    0    0    0     0          0         0    28138     452    0    0    0     0       0          0
s4-eth4:    2246      27    0    0    0     0          0         0    28138     452    0    0    0     0       0          0
s4-eth5:    2246      27    0    0    0     0          0         0    28138     452    0    0    0     0       0          0
s4-eth6:    2246      27    0    0    0     0          0         0    28138     452    0    0    0     0       0          0
s4-eth7:    2246      27    0    0    0     0          0         0    28138     452    0    0    0     0       0          0
s4-eth8:    2246      27    0    0    0     0          0         0    28138     452    0    0    0     0       0          0
s4-eth9:    2246      27    0    0    0     0          0         0    28138     452    0    0    0     0       0          0
s4-eth10:    2246      27    0    0    0     0          0         0    28138     452    0    0    0     0       0          0
s4-eth11:    2246      27    0    0    0     0          0         0    28138     452    0    0    0     0       0          0
s4-eth12:    2246      27    0    0    0     0          0         0    28138     452    0    0    0     0       0          0
s4-eth13:    2246      27    0    0    0     0          0         0    28138     452    0    0    0     0       0          0
s4-eth14:    2246      27    0    0    0     0          0         0    28198     453    0    0    0     0       0          0
s4-eth15:    2246      27    0    0    0     0          0         0    28138     452    0    0    0     0       0          0
s4-eth16:    2246      27    0    0    0     0          0         0    28138     452    0    0    0     0       0          0
s4-eth17:    2246      27    0    0    0     0          0         0    28138     452    0    0    0     0       0          0
s4-eth18:    2246      27    0    0    0     0          0         0    28138     452    0    0    0     0       0          0
s4-eth19:    2246      27    0    0    0     0          0         0    28138     452    0    0    0     0       0          0
s4-eth20:    2246      27    0    0    0     0          0         0    28138     452    0    0    0     0       0          0
s4-eth21:    2246      27    0    0    0     0          0         0    28198     453    0    0    0     0       0          0
s4-eth22:    2246      27    0    0    0     0          0         0    28138     452    0    0    0     0       0          0
s4-eth23:    2246      27    0    0    0     0          0         0    28138     452    0    0    0     0       0          0
s4-eth24:    2246      27    0    0    0     0          0         0    28138     452    0    0    0     0       0          0
s4-eth25:    2246      27    0    0    0     0          0         0    28138     452    0    0    0     0       0          0
s4-eth26:    2246      27    0    0    0     0          0         0    28138     452    0    0    0     0       0          0
s4-eth27:    2246      27    0    0    0     0          0         0    28138     452    0    0    0     0       0          0
s4-eth28:    2246      27    0    0    0     0          0         0    28138     452    0    0    0     0       0          0
s4-eth29:    2246      27    0    0    0     0          0         0    28138     452    0    0    0     0       0          0
s4-eth30:    2246      27    0    0    0     0          0         0    28138     452    0    0    0     0       0          0
s4-eth31:    2176      26    0    0    0     0          0         0    28138     452    0    0    0     0       0          0
s4-eth32:    2246      27    0    0    0     0          0         0    28138     452    0    0    0     0       0          0
s4-eth33:    2246      27    0    0    0     0          0         0    28138     452    0    0    0     0       0          0
s4-eth34:    2246      27    0    0    0     0          0         0    28138     452    0    0    0     0       0          0
s5-eth1:   31422     468    0    0    0     0          0         0   524947    6026    0    0    0     0       0          0
s1-eth1:  524947    6026    0    0    0     0          0         0    31422     468    0    0    0     0       0          0
s6-eth1: 36894095144 25591712    0    0    0     0          0         0    31482     469    0    0    0     0       0          0
s1-eth2:   31482     469    0    0    0     0          0         0 36894095144 25591712    0    0    0     0       0          0
s5-eth2:   32008     473    0    0    0     0          0         0    28121     451    0    0    0     0       0          0
s2-eth1:   28121     451    0    0    0     0          0         0    32008     473    0    0    0     0       0          0
s6-eth2:   27918     450    0    0    0     0          0         0    28272     454    0    0    0     0       0          0
s2-eth2:   28272     454    0    0    0     0          0         0    27918     450    0    0    0     0       0          0
s7-eth1:   31625     469    0    0    0     0          0         0 36894098557 25591728    0    0    0     0       0          0
s3-eth1: 36894098557 25591728    0    0    0     0          0         0    31625     469    0    0    0     0       0          0
s8-eth1:  521267    6005    0    0    0     0          0         0    31625     469    0    0    0     0       0          0
s3-eth2:   31625     469    0    0    0     0          0         0   521267    6005    0    0    0     0       0          0
s7-eth2:   31685     470    0    0    0     0          0         0    28181     452    0    0    0     0       0          0
s4-eth1:   28181     452    0    0    0     0          0         0    31685     470    0    0    0     0       0          0
s8-eth2:   28121     451    0    0    0     0          0         0    28181     452    0    0    0     0       0          0
s4-eth2:   28181     452    0    0    0     0          0         0    28121     451    0    0    0     0       0          0
s9-eth1:   28121     451    0    0    0     0          0         0    31625     469    0    0    0     0       0          0
s5-eth3:   31625     469    0    0    0     0          0         0    28121     451    0    0    0     0       0          0
s10-eth1:   28121     451    0    0    0     0          0         0   524771    6023    0    0    0     0       0          0
s5-eth4:  524771    6023    0    0    0     0          0         0    28121     451    0    0    0     0       0          0
s9-eth2: 36894095053 25591710    0    0    0     0          0         0    28121     451    0    0    0     0       0          0
s6-eth3:   28121     451    0    0    0     0          0         0 36894095053 25591710    0    0    0     0       0          0
s10-eth2:   28181     452    0    0    0     0          0         0    28181     452    0    0    0     0       0          0
s6-eth4:   28181     452    0    0    0     0          0         0    28181     452    0    0    0     0       0          0
s9-eth3:   28181     452    0    0    0     0          0         0 36894094993 25591709    0    0    0     0       0          0
s7-eth3: 36894094993 25591709    0    0    0     0          0         0    28181     452    0    0    0     0       0          0
s10-eth3:   28181     452    0    0    0     0          0         0    28181     452    0    0    0     0       0          0
s7-eth4:   28181     452    0    0    0     0          0         0    28181     452    0    0    0     0       0          0
s9-eth4:   28181     452    0    0    0     0          0         0    28121     451    0    0    0     0       0          0
s8-eth3:   28121     451    0    0    0     0          0         0    28181     452    0    0    0     0       0          0
s10-eth4:  521267    6005    0    0    0     0          0         0    28181     452    0    0    0     0       0          0
s8-eth4:   28181     452    0    0    0     0          0         0   521267    6005    0    0    0     0       0          0
