s1-eth3: 10620522209 7365593    0    0    0     0          0         0    48894     609    0    0    0     0       0          0
s1-eth4:    2442      29    0    0    0     0          0         0    13611     213    0    0    0     0       0          0
s1-eth5:    2246      27    0    0    0     0          0         0    13415     211    0    0    0     0       0          0
s1-eth6:    2246      27    0    0    0     0          0         0    13415     211    0    0    0     0       0          0
s1-eth7:    2246      27    0    0    0     0          0         0    13415     211    0    0    0     0       0          0
s1-eth8:    2246      27    0    0    0     0          0         0    13415     211    0    0    0     0       0          0
s1-eth9:    2246      27    0    0    0     0          0         0    13415     211    0    0    0     0       0          0
s1-eth10:    2246      27    0    0    0     0          0         0    13485     212    0    0    0     0       0          0
s1-eth11:    2246      27    0    0    0     0          0         0    13415     211    0    0    0     0       0          0
s1-eth12:    2246      27    0    0    0     0          0         0    13485     212    0    0    0     0       0          0
s1-eth13:    2246      27    0    0    0     0          0         0    13415     211    0    0    0     0       0          0
s1-eth14:    2246      27    0    0    0     0          0         0    13485     212    0    0    0     0       0          0
s1-eth15:    2246      27    0    0    0     0          0         0    13415     211    0    0    0     0       0          0
s1-eth16:    2246      27    0    0    0     0          0         0    13415     211    0    0    0     0       0          0
s1-eth17:    2246      27    0    0    0     0          0         0    13415     211    0    0    0     0       0          0
s1-eth18:    2176      26    0    0    0     0          0         0    13415     211    0    0    0     0       0          0
s1-eth19:    2246      27    0    0    0     0          0         0    13545     213    0    0    0     0       0          0
s1-eth20:    2246      27    0    0    0     0          0         0    13595     213    0    0    0     0       0          0
s1-eth21:    2246      27    0    0    0     0          0         0    13485     212    0    0    0     0       0          0
s1-eth22:    2246      27    0    0    0     0          0         0    13415     211    0    0    0     0       0          0
s1-eth23:    2246      27    0    0    0     0          0         0    13525     212    0    0    0     0       0          0
s1-eth24:    2246      27    0    0    0     0          0         0    13415     211    0    0    0     0       0          0
s1-eth25:    2246      27    0    0    0     0          0         0    13485     212    0    0    0     0       0          0
s1-eth26:    2176      26    0    0    0     0          0         0    13485     212    0    0    0     0       0          0
s1-eth27:    2246      27    0    0    0     0          0         0    13595     213    0    0    0     0       0          0
s1-eth28:    2176      26    0    0    0     0          0         0    13485     212    0    0    0     0       0          0
s1-eth29:    2176      26    0    0    0     0          0         0    13485     212    0    0    0     0       0          0
s1-eth30:    2246      27    0    0    0     0          0         0    13485     212    0    0    0     0       0          0
s1-eth31:    2176      26    0    0    0     0          0         0    13485     212    0    0    0     0       0          0
s1-eth32:    2246      27    0    0    0     0          0         0    13485     212    0    0    0     0       0          0
s1-eth33:    2246      27    0    0    0     0          0         0    13415     211    0    0    0     0       0          0
s1-eth34:    2176      26    0    0    0     0          0         0    13415     211    0    0    0     0       0          0
s2-eth3:    2540      30    0    0    0     0          0         0    13709     214    0    0    0     0       0          0
s2-eth4:    2176      26    0    0    0     0          0         0    13485     212    0    0    0     0       0          0
s2-eth5:    2176      26    0    0    0     0          0         0    13485     212    0    0    0     0       0          0
s2-eth6:    2176      26    0    0    0     0          0         0    13595     213    0    0    0     0       0          0
s2-eth7:    2246      27    0    0    0     0          0         0    13595     213    0    0    0     0       0          0
s2-eth8:    2246      27    0    0    0     0          0         0    13525     212    0    0    0     0       0          0
s2-eth9:    2176      26    0    0    0     0          0         0    13415     211    0    0    0     0       0          0
s2-eth10:    2246      27    0    0    0     0          0         0    13485     212    0    0    0     0       0          0
s2-eth11:    2246      27    0    0    0     0          0         0    13485     212    0    0    0     0       0          0
s2-eth12:    2246      27    0    0    0     0          0         0    13595     213    0    0    0     0       0          0
s2-eth13:    2246      27    0    0    0     0          0         0    13595     213    0    0    0     0       0          0
s2-eth14:    2176      26    0    0    0     0          0         0    13595     213    0    0    0     0       0          0
s2-eth15:    2246      27    0    0    0     0          0         0    13595     213    0    0    0     0       0          0
s2-eth16:    2246      27    0    0    0     0          0         0    13595     213    0    0    0     0       0          0
s2-eth17:    2246      27    0    0    0     0          0         0    13595     213    0    0    0     0       0          0
s2-eth18:    2246      27    0    0    0     0          0         0    13525     212    0    0    0     0       0          0
s2-eth19:    2176      26    0    0    0     0          0         0    13595     213    0    0    0     0       0          0
s2-eth20:    2176      26    0    0    0     0          0         0    13485     212    0    0    0     0       0          0
s2-eth21:    2176      26    0    0    0     0          0         0    13485     212    0    0    0     0       0          0
s2-eth22:    2246      27    0    0    0     0          0         0    13485     212    0    0    0     0       0          0
s2-eth23:    2246      27    0    0    0     0          0         0    13595     213    0    0    0     0       0          0
s2-eth24:    2246      27    0    0    0     0          0         0    13595     213    0    0    0     0       0          0
s2-eth25:    2246      27    0    0    0     0          0         0    13485     212    0    0    0     0       0          0
s2-eth26:    2246      27    0    0    0     0          0         0    13595     213    0    0    0     0       0          0
s2-eth27:    2176      26    0    0    0     0          0         0    13535     212    0    0    0     0       0          0
s2-eth28:    2176      26    0    0    0     0          0         0    13595     213    0    0    0     0       0          0
s2-eth29:    2176      26    0    0    0     0          0         0    13595     213    0    0    0     0       0          0
s2-eth30:    2176      26    0    0    0     0          0         0    13595     213    0    0    0     0       0          0
s2-eth31:    2176      26    0    0    0     0          0         0    13595     213    0    0    0     0       0          0
s2-eth32:    2176      26    0    0    0     0          0         0    13485     212    0    0    0     0       0          0
s2-eth33:    2246      27    0    0    0     0          0         0    13595     213    0    0    0     0       0          0
s2-eth34:    2246      27    0    0    0     0          0         0    13595     213    0    0    0     0       0          0
s3-eth3:   37095     418    0    0    0     0          0         0 10620533068 7365774    0    0    0     0       0          0
s3-eth4:    2176      26    0    0    0     0          0         0    13595     213    0    0    0     0       0          0
s3-eth5:    2176      26    0    0    0     0          0         0    13595     213    0    0    0     0       0          0
s3-eth6:    2176      26    0    0    0     0          0         0    13595     213    0    0    0     0       0          0
s3-eth7:    2176      26    0    0    0     0          0         0    13485     212    0    0    0     0       0          0
s3-eth8:    2176      26    0    0    0     0          0         0    13535     212    0    0    0     0       0          0
s3-eth9:    2176      26    0    0    0     0          0         0    13595     213    0    0    0     0       0          0
s3-eth10:    2176      26    0    0    0     0          0         0    13535     212    0    0    0     0       0          0
s3-eth11:    2176      26    0    0    0     0          0         0    13595     213    0    0    0     0       0          0
s3-eth12:    2176      26    0    0    0     0          0         0    13595     213    0    0    0     0       0          0
s3-eth13:    2176      26    0    0    0     0          0         0    13595     213    0    0    0     0       0          0
s3-eth14:    2176      26    0    0    0     0          0         0    13595     213    0    0    0     0       0          0
s3-eth15:    2176      26    0    0    0     0          0         0    13705     214    0    0    0     0       0          0
s3-eth16:    2176      26    0    0    0     0          0         0    13705     214    0    0    0     0       0          0
s3-eth17:    2176      26    0    0    0     0          0         0    13705     214    0    0    0     0       0          0
s3-eth18:    2176      26    0    0    0     0          0         0    13645     213    0    0    0     0       0          0
s3-eth19:    2176      26    0    0    0     0          0         0    13705     214    0    0    0     0       0          0
s3-eth20:    2176      26    0    0    0     0          0         0    13705     214    0    0    0     0       0          0
s3-eth21:    2176      26    0    0    0     0          0         0    13705     214    0    0    0     0       0          0
s3-eth22:    2176      26    0    0    0     0          0         0    13705     214    0    0    0     0       0          0
s3-eth23:    2176      26    0    0    0     0          0         0    13705     214    0    0    0     0       0          0
s3-eth24:    2176      26    0    0    0     0          0         0    13705     214    0    0    0     0       0          0
s3-eth25:    2176      26    0    0    0     0          0         0    13645     213    0    0    0     0       0          0
s3-eth26:    2176      26    0    0    0     0          0         0    13705     214    0    0    0     0       0          0
s3-eth27:    2176      26    0    0    0     0          0         0    13645     213    0    0    0     0       0          0
s3-eth28:    2176      26    0    0    0     0          0         0    13705     214    0    0    0     0       0          0
s3-eth29:    2176      26    0    0    0     0          0         0    13705     214    0    0    0     0       0          0
s3-eth30:    2176      26    0    0    0     0          0         0    13705     214    0    0    0     0       0          0
s3-eth31:    2176      26    0    0    0     0          0         0    13705     214    0    0    0     0       0          0
s3-eth32:    2176      26    0    0    0     0          0         0    13705     214    0    0    0     0       0          0
s3-eth33:    2176      26    0    0    0     0          0         0    13705     214    0    0    0     0       0          0
s3-eth34:    2176      26    0    0    0     0          0         0    13705     214    0    0    0     0       0          0
s4-eth3:    2176      26    0    0    0     0          0         0    13705     214    0    0    0     0       0          0
s4-eth4:    2176      26    0    0    0     0          0         0    13705     214    0    0    0     0       0          0
s4-eth5:    2176      26    0    0    0     0          0         0    13705     214    0    0    0     0       0          0
s4-eth6:    2176      26    0    0    0     0          0         0    13705     214    0    0    0     0       0          0
s4-eth7:    2176      26    0    0    0     0          0         0    13705     214    0    0    0     0       0          0
s4-eth8:    2176      26    0    0    0     0          0         0    13705     214    0    0    0     0       0          0
s4-eth9:    2176      26    0    0    0     0          0         0    13705     214    0    0    0     0       0          0
s4-eth10:    2176      26    0    0    0     0          0         0    13705     214    0    0    0     0       0          0
s4-eth11:    2176      26    0    0    0     0          0         0    13705     214    0    0    0     0       0          0
s4-eth12:    2176      26    0    0    0     0          0         0    13705     214    0    0    0     0       0          0
s4-eth13:    2176      26    0    0    0     0          0         0    13705     214    0    0    0     0       0          0
s4-eth14:    2176      26    0    0    0     0          0         0    13705     214    0    0    0     0       0          0
s4-eth15:    2176      26    0    0    0     0          0         0    13705     214    0    0    0     0       0          0
s4-eth16:    2176      26    0    0    0     0          0         0    13705     214    0    0    0     0       0          0
s4-eth17:    2176      26    0    0    0     0          0         0    13705     214    0    0    0     0       0          0
s4-eth18:    2176      26    0    0    0     0          0         0    13705     214    0    0    0     0       0          0
s4-eth19:    2176      26    0    0    0     0          0         0    13705     214    0    0    0     0       0          0
s4-eth20:    2176      26    0    0    0     0          0         0    13705     214    0    0    0     0       0          0
s4-eth21:    2176      26    0    0    0     0          0         0    13705     214    0    0    0     0       0          0
s4-eth22:    2176      26    0    0    0     0          0         0    13705     214    0    0    0     0       0          0
s4-eth23:    2176      26    0    0    0     0          0         0    13705     214    0    0    0     0       0          0
s4-eth24:    2176      26    0    0    0     0          0         0    13705     214    0    0    0     0       0          0
s4-eth25:    2176      26    0    0    0     0          0         0    13705     214    0    0    0     0       0          0
s4-eth26:    2176      26    0    0    0     0          0         0    13705     214    0    0    0     0       0          0
s4-eth27:    2176      26    0    0    0     0          0         0    13705     214    0    0    0     0       0          0
s4-eth28:    2176      26    0    0    0     0          0         0    13705     214    0    0    0     0       0          0
s4-eth29:    2176      26    0    0    0     0          0         0    13705     214    0    0    0     0       0          0
s4-eth30:    2176      26    0    0    0     0          0         0    13705     214    0    0    0     0       0          0
s4-eth31:    2106      25    0    0    0     0          0         0    13705     214    0    0    0     0       0          0
s4-eth32:    2176      26    0    0    0     0          0         0    13705     214    0    0    0     0       0          0
s4-eth33:    2176      26    0    0    0     0          0         0    13705     214    0    0    0     0       0          0
s4-eth34:    2176      26    0    0    0     0          0         0    13705     214    0    0    0     0       0          0
s5-eth1:   16806     229    0    0    0     0          0         0    52044     624    0    0    0     0       0          0
s1-eth1:   52044     624    0    0    0     0          0         0    16806     229    0    0    0     0       0          0
s6-eth1: 10620533252 7365776    0    0    0     0          0         0    16806     229    0    0    0     0       0          0
s1-eth2:   16806     229    0    0    0     0          0         0 10620533252 7365776    0    0    0     0       0          0
s5-eth2:   17392     234    0    0    0     0          0         0    13628     212    0    0    0     0       0          0
s2-eth1:   13628     212    0    0    0     0          0         0    17392     234    0    0    0     0       0          0
s6-eth2:   13485     212    0    0    0     0          0         0    13779     215    0    0    0     0       0          0
s2-eth2:   13779     215    0    0    0     0          0         0    13485     212    0    0    0     0       0          0
s7-eth1:   17009     230    0    0    0     0          0         0 10620536482 7365791    0    0    0     0       0          0
s3-eth1: 10620536482 7365791    0    0    0     0          0         0    17009     230    0    0    0     0       0          0
s8-eth1:   48607     605    0    0    0     0          0         0    17009     230    0    0    0     0       0          0
s3-eth2:   17009     230    0    0    0     0          0         0    48607     605    0    0    0     0       0          0
s7-eth2:   17009     230    0    0    0     0          0         0    13688     213    0    0    0     0       0          0
s4-eth1:   13688     213    0    0    0     0          0         0    17009     230    0    0    0     0       0          0
s8-eth2:   13688     213    0    0    0     0          0         0    13688     213    0    0    0     0       0          0
s4-eth2:   13688     213    0    0    0     0          0         0    13688     213    0    0    0     0       0          0
s9-eth1:   13628     212    0    0    0     0          0         0    17009     230    0    0    0     0       0          0
s5-eth3:   17009     230    0    0    0     0          0         0    13628     212    0    0    0     0       0          0
s10-eth1:   13628     212    0    0    0     0          0         0    51928     622    0    0    0     0       0          0
s5-eth4:   51928     622    0    0    0     0          0         0    13628     212    0    0    0     0       0          0
s9-eth2: 10620533161 7365774    0    0    0     0          0         0    13688     213    0    0    0     0       0          0
s6-eth3:   13688     213    0    0    0     0          0         0 10620533161 7365774    0    0    0     0       0          0
s10-eth2:   13688     213    0    0    0     0          0         0    13688     213    0    0    0     0       0          0
s6-eth4:   13688     213    0    0    0     0          0         0    13688     213    0    0    0     0       0          0
s9-eth3:   13688     213    0    0    0     0          0         0 10620533161 7365774    0    0    0     0       0          0
s7-eth3: 10620533161 7365774    0    0    0     0          0         0    13688     213    0    0    0     0       0          0
s10-eth3:   13688     213    0    0    0     0          0         0    13688     213    0    0    0     0       0          0
s7-eth4:   13688     213    0    0    0     0          0         0    13688     213    0    0    0     0       0          0
s9-eth4:   13688     213    0    0    0     0          0         0    13688     213    0    0    0     0       0          0
s8-eth3:   13688     213    0    0    0     0          0         0    13688     213    0    0    0     0       0          0
s10-eth4:   48607     605    0    0    0     0          0         0    13688     213    0    0    0     0       0          0
s8-eth4:   13688     213    0    0    0     0          0         0    48607     605    0    0    0     0       0          0
