s1-eth3: 2244687076 5752320    0    0    0     0          0         0    65947     721    0    0    0     0       0          0
s2-eth3:    1422      17    0    0    0     0          0         0     4872      34    0    0    0     0       0          0
s3-eth3:    1226      15    0    0    0     0          0         0     4676      32    0    0    0     0       0          0
s4-eth3:   62211     701    0    0    0     0          0         0 2203267526 5122249    0    0    0     0       0          0
s5-eth1:    8042     159    0    0    0     0          0         0    69313     848    0    0    0     0       0          0
s1-eth1:   69313     848    0    0    0     0          0         0     8042     159    0    0    0     0       0          0
s6-eth1: 2206150430 5154617    0    0    0     0          0         0     6215     150    0    0    0     0       0          0
s1-eth2:    6215     150    0    0    0     0          0         0 2206150430 5154617    0    0    0     0       0          0
s5-eth2:    8238     161    0    0    0     0          0         0     6012     149    0    0    0     0       0          0
s2-eth1:    6012     149    0    0    0     0          0         0     8238     161    0    0    0     0       0          0
s6-eth2:    8042     159    0    0    0     0          0         0     8238     161    0    0    0     0       0          0
s2-eth2:    8238     161    0    0    0     0          0         0     8042     159    0    0    0     0       0          0
s7-eth1:    8042     159    0    0    0     0          0         0     6215     150    0    0    0     0       0          0
s3-eth1:    6215     150    0    0    0     0          0         0     8042     159    0    0    0     0       0          0
s8-eth1:    8042     159    0    0    0     0          0         0     8042     159    0    0    0     0       0          0
s3-eth2:    8042     159    0    0    0     0          0         0     8042     159    0    0    0     0       0          0
s7-eth2:   69117     846    0    0    0     0          0         0     8042     159    0    0    0     0       0          0
s4-eth1:    8042     159    0    0    0     0          0         0    69117     846    0    0    0     0       0          0
s8-eth2:    8175     160    0    0    0     0          0         0 2203950956 5130212    0    0    0     0       0          0
s4-eth2: 2203950956 5130212    0    0    0     0          0         0     8175     160    0    0    0     0       0          0
s9-eth1:    8042     159    0    0    0     0          0         0     8175     160    0    0    0     0       0          0
s5-eth3:    8175     160    0    0    0     0          0         0     8042     159    0    0    0     0       0          0
s10-eth1:    8042     159    0    0    0     0          0         0    69245     846    0    0    0     0       0          0
s5-eth4:   69245     846    0    0    0     0          0         0     8042     159    0    0    0     0       0          0
s9-eth2:    8042     159    0    0    0     0          0         0     6215     150    0    0    0     0       0          0
s6-eth3:    6215     150    0    0    0     0          0         0     8042     159    0    0    0     0       0          0
s10-eth2: 2205528695 5147548    0    0    0     0          0         0     8170     159    0    0    0     0       0          0
s6-eth4:    8170     159    0    0    0     0          0         0 2205528695 5147548    0    0    0     0       0          0
s9-eth3:    8042     159    0    0    0     0          0         0     7972     159    0    0    0     0       0          0
s7-eth3:    7972     159    0    0    0     0          0         0     8042     159    0    0    0     0       0          0
s10-eth3:   69117     846    0    0    0     0          0         0     6363     150    0    0    0     0       0          0
s7-eth4:    6363     150    0    0    0     0          0         0    69117     846    0    0    0     0       0          0
s9-eth4:    8042     159    0    0    0     0          0         0     8042     159    0    0    0     0       0          0
s8-eth3:    8042     159    0    0    0     0          0         0     8042     159    0    0    0     0       0          0
s10-eth4:    8042     159    0    0    0     0          0         0 2204870746 5140606    0    0    0     0       0          0
s8-eth4: 2204870746 5140606    0    0    0     0          0         0     8042     159    0    0    0     0       0          0
