s1-eth3: 1990735190 1784464    0    0    0     0          0         0    43255     467    0    0    0     0       0          0
s2-eth3:    1352      16    0    0    0     0          0         0     4599      32    0    0    0     0       0          0
s3-eth3:    1156      14    0    0    0     0          0         0     4403      30    0    0    0     0       0          0
s4-eth3:   39792     449    0    0    0     0          0         0 1989568045 1783339    0    0    0     0       0          0
s5-eth1:    6878     124    0    0    0     0          0         0    45730     561    0    0    0     0       0          0
s1-eth1:   45730     561    0    0    0     0          0         0     6878     124    0    0    0     0       0          0
s6-eth1: 1990440970 1784282    0    0    0     0          0         0     5254     116    0    0    0     0       0          0
s1-eth2:    5254     116    0    0    0     0          0         0 1990440970 1784282    0    0    0     0       0          0
s5-eth2:    7074     126    0    0    0     0          0         0     5051     115    0    0    0     0       0          0
s2-eth1:    5051     115    0    0    0     0          0         0     7074     126    0    0    0     0       0          0
s6-eth2:    6878     124    0    0    0     0          0         0     7074     126    0    0    0     0       0          0
s2-eth2:    7074     126    0    0    0     0          0         0     6878     124    0    0    0     0       0          0
s7-eth1:    6878     124    0    0    0     0          0         0     5254     116    0    0    0     0       0          0
s3-eth1:    5254     116    0    0    0     0          0         0     6878     124    0    0    0     0       0          0
s8-eth1:    6878     124    0    0    0     0          0         0     6878     124    0    0    0     0       0          0
s3-eth2:    6878     124    0    0    0     0          0         0     6878     124    0    0    0     0       0          0
s7-eth2:   45534     559    0    0    0     0          0         0     6948     125    0    0    0     0       0          0
s4-eth1:    6948     125    0    0    0     0          0         0    45534     559    0    0    0     0       0          0
s8-eth2:    7081     126    0    0    0     0          0         0 1989760984 1783619    0    0    0     0       0          0
s4-eth2: 1989760984 1783619    0    0    0     0          0         0     7081     126    0    0    0     0       0          0
s9-eth1:    6878     124    0    0    0     0          0         0     7011     125    0    0    0     0       0          0
s5-eth3:    7011     125    0    0    0     0          0         0     6878     124    0    0    0     0       0          0
s10-eth1:    6948     125    0    0    0     0          0         0    45629     559    0    0    0     0       0          0
s5-eth4:   45629     559    0    0    0     0          0         0     6948     125    0    0    0     0       0          0
s9-eth2:    6948     125    0    0    0     0          0         0     5051     115    0    0    0     0       0          0
s6-eth3:    5051     115    0    0    0     0          0         0     6948     125    0    0    0     0       0          0
s10-eth2: 1990260020 1784098    0    0    0     0          0         0     7043     125    0    0    0     0       0          0
s6-eth4:    7043     125    0    0    0     0          0         0 1990260020 1784098    0    0    0     0       0          0
s9-eth3:    6948     125    0    0    0     0          0         0     6808     124    0    0    0     0       0          0
s7-eth3:    6808     124    0    0    0     0          0         0     6948     125    0    0    0     0       0          0
s10-eth3:   45534     559    0    0    0     0          0         0     5369     116    0    0    0     0       0          0
s7-eth4:    5369     116    0    0    0     0          0         0    45534     559    0    0    0     0       0          0
s9-eth4:    6878     124    0    0    0     0          0         0     6878     124    0    0    0     0       0          0
s8-eth3:    6878     124    0    0    0     0          0         0     6878     124    0    0    0     0       0          0
s10-eth4:    6948     125    0    0    0     0          0         0 1990032293 1783881    0    0    0     0       0          0
s8-eth4: 1990032293 1783881    0    0    0     0          0         0     6948     125    0    0    0     0       0          0
