s1-eth3: 76003758095 52719668    0    0    0     0          0         0  1094740   12606    0    0    0     0       0          0
s1-eth4:    2582      31    0    0    0     0          0         0    52917     863    0    0    0     0       0          0
s1-eth5:    2386      29    0    0    0     0          0         0    52721     861    0    0    0     0       0          0
s1-eth6:    2386      29    0    0    0     0          0         0    52721     861    0    0    0     0       0          0
s1-eth7:    2386      29    0    0    0     0          0         0    52721     861    0    0    0     0       0          0
s1-eth8:    2386      29    0    0    0     0          0         0    52721     861    0    0    0     0       0          0
s1-eth9:    2386      29    0    0    0     0          0         0    52721     861    0    0    0     0       0          0
s1-eth10:    2386      29    0    0    0     0          0         0    52791     862    0    0    0     0       0          0
s1-eth11:    2386      29    0    0    0     0          0         0    52721     861    0    0    0     0       0          0
s1-eth12:    2386      29    0    0    0     0          0         0    52791     862    0    0    0     0       0          0
s1-eth13:    2386      29    0    0    0     0          0         0    52721     861    0    0    0     0       0          0
s1-eth14:    2386      29    0    0    0     0          0         0    52791     862    0    0    0     0       0          0
s1-eth15:    2386      29    0    0    0     0          0         0    52721     861    0    0    0     0       0          0
s1-eth16:    2386      29    0    0    0     0          0         0    52721     861    0    0    0     0       0          0
s1-eth17:    2386      29    0    0    0     0          0         0    52721     861    0    0    0     0       0          0
s1-eth18:    2316      28    0    0    0     0          0         0    52721     861    0    0    0     0       0          0
s1-eth19:    2386      29    0    0    0     0          0         0    52851     863    0    0    0     0       0          0
s1-eth20:    2386      29    0    0    0     0          0         0    52901     863    0    0    0     0       0          0
s1-eth21:    2386      29    0    0    0     0          0         0    52791     862    0    0    0     0       0          0
s1-eth22:    2386      29    0    0    0     0          0         0    52721     861    0    0    0     0       0          0
s1-eth23:    2386      29    0    0    0     0          0         0    52831     862    0    0    0     0       0          0
s1-eth24:    2386      29    0    0    0     0          0         0    52721     861    0    0    0     0       0          0
s1-eth25:    2386      29    0    0    0     0          0         0    52791     862    0    0    0     0       0          0
s1-eth26:    2316      28    0    0    0     0          0         0    52791     862    0    0    0     0       0          0
s1-eth27:    2386      29    0    0    0     0          0         0    52901     863    0    0    0     0       0          0
s1-eth28:    2316      28    0    0    0     0          0         0    52791     862    0    0    0     0       0          0
s1-eth29:    2316      28    0    0    0     0          0         0    52791     862    0    0    0     0       0          0
s1-eth30:    2386      29    0    0    0     0          0         0    52791     862    0    0    0     0       0          0
s1-eth31:    2316      28    0    0    0     0          0         0    52791     862    0    0    0     0       0          0
s1-eth32:    2386      29    0    0    0     0          0         0    52791     862    0    0    0     0       0          0
s1-eth33:    2386      29    0    0    0     0          0         0    52721     861    0    0    0     0       0          0
s1-eth34:    2316      28    0    0    0     0          0         0    52721     861    0    0    0     0       0          0
s2-eth3:    2680      32    0    0    0     0          0         0    53015     864    0    0    0     0       0          0
s2-eth4:    2316      28    0    0    0     0          0         0    52791     862    0    0    0     0       0          0
s2-eth5:    2316      28    0    0    0     0          0         0    52791     862    0    0    0     0       0          0
s2-eth6:    2316      28    0    0    0     0          0         0    52901     863    0    0    0     0       0          0
s2-eth7:    2386      29    0    0    0     0          0         0    52901     863    0    0    0     0       0          0
s2-eth8:    2386      29    0    0    0     0          0         0    52831     862    0    0    0     0       0          0
s2-eth9:    2316      28    0    0    0     0          0         0    52721     861    0    0    0     0       0          0
s2-eth10:    2386      29    0    0    0     0          0         0    52791     862    0    0    0     0       0          0
s2-eth11:    2386      29    0    0    0     0          0         0    52791     862    0    0    0     0       0          0
s2-eth12:    2386      29    0    0    0     0          0         0    52901     863    0    0    0     0       0          0
s2-eth13:    2386      29    0    0    0     0          0         0    52901     863    0    0    0     0       0          0
s2-eth14:    2316      28    0    0    0     0          0         0    52901     863    0    0    0     0       0          0
s2-eth15:    2386      29    0    0    0     0          0         0    52901     863    0    0    0     0       0          0
s2-eth16:    2386      29    0    0    0     0          0         0    52901     863    0    0    0     0       0          0
s2-eth17:    2386      29    0    0    0     0          0         0    52901     863    0    0    0     0       0          0
s2-eth18:    2386      29    0    0    0     0          0         0    52831     862    0    0    0     0       0          0
s2-eth19:    2316      28    0    0    0     0          0         0    52901     863    0    0    0     0       0          0
s2-eth20:    2316      28    0    0    0     0          0         0    52791     862    0    0    0     0       0          0
s2-eth21:    2316      28    0    0    0     0          0         0    52791     862    0    0    0     0       0          0
s2-eth22:    2386      29    0    0    0     0          0         0    52791     862    0    0    0     0       0          0
s2-eth23:    2386      29    0    0    0     0          0         0    52901     863    0    0    0     0       0          0
s2-eth24:    2386      29    0    0    0     0          0         0    52901     863    0    0    0     0       0          0
s2-eth25:    2386      29    0    0    0     0          0         0    52791     862    0    0    0     0       0          0
s2-eth26:    2386      29    0    0    0     0          0         0    52901     863    0    0    0     0       0          0
s2-eth27:    2316      28    0    0    0     0          0         0    52841     862    0    0    0     0       0          0
s2-eth28:    2316      28    0    0    0     0          0         0    52901     863    0    0    0     0       0          0
s2-eth29:    2316      28    0    0    0     0          0         0    52901     863    0    0    0     0       0          0
s2-eth30:    2316      28    0    0    0     0          0         0    52901     863    0    0    0     0       0          0
s2-eth31:    2316      28    0    0    0     0          0         0    52901     863    0    0    0     0       0          0
s2-eth32:    2316      28    0    0    0     0          0         0    52791     862    0    0    0     0       0          0
s2-eth33:    2386      29    0    0    0     0          0         0    52901     863    0    0    0     0       0          0
s2-eth34:    2386      29    0    0    0     0          0         0    52901     863    0    0    0     0       0          0
s3-eth3: 1043775   11767    0    0    0     0          0         0 76003808120 52720497    0    0    0     0       0          0
s3-eth4:    2316      28    0    0    0     0          0         0    52901     863    0    0    0     0       0          0
s3-eth5:    2316      28    0    0    0     0          0         0    52841     862    0    0    0     0       0          0
s3-eth6:    2316      28    0    0    0     0          0         0    52901     863    0    0    0     0       0          0
s3-eth7:    2316      28    0    0    0     0          0         0    52791     862    0    0    0     0       0          0
s3-eth8:    2316      28    0    0    0     0          0         0    52841     862    0    0    0     0       0          0
s3-eth9:    2316      28    0    0    0     0          0         0    52901     863    0    0    0     0       0          0
s3-eth10:    2316      28    0    0    0     0          0         0    52841     862    0    0    0     0       0          0
s3-eth11:    2316      28    0    0    0     0          0         0    52901     863    0    0    0     0       0          0
s3-eth12:    2316      28    0    0    0     0          0         0    52901     863    0    0    0     0       0          0
s3-eth13:    2316      28    0    0    0     0          0         0    52841     862    0    0    0     0       0          0
s3-eth14:    2316      28    0    0    0     0          0         0    52901     863    0    0    0     0       0          0
s3-eth15:    2316      28    0    0    0     0          0         0    53011     864    0    0    0     0       0          0
s3-eth16:    2316      28    0    0    0     0          0         0    53011     864    0    0    0     0       0          0
s3-eth17:    2316      28    0    0    0     0          0         0    53011     864    0    0    0     0       0          0
s3-eth18:    2316      28    0    0    0     0          0         0    52951     863    0    0    0     0       0          0
s3-eth19:    2316      28    0    0    0     0          0         0    53011     864    0    0    0     0       0          0
s3-eth20:    2316      28    0    0    0     0          0         0    53011     864    0    0    0     0       0          0
s3-eth21:    2316      28    0    0    0     0          0         0    53011     864    0    0    0     0       0          0
s3-eth22:    2316      28    0    0    0     0          0         0    53011     864    0    0    0     0       0          0
s3-eth23:    2316      28    0    0    0     0          0         0    52951     863    0    0    0     0       0          0
s3-eth24:    2316      28    0    0    0     0          0         0    52951     863    0    0    0     0       0          0
s3-eth25:    2316      28    0    0    0     0          0         0    52951     863    0    0    0     0       0          0
s3-eth26:    2316      28    0    0    0     0          0         0    53011     864    0    0    0     0       0          0
s3-eth27:    2316      28    0    0    0     0          0         0    52951     863    0    0    0     0       0          0
s3-eth28:    2316      28    0    0    0     0          0         0    53011     864    0    0    0     0       0          0
s3-eth29:    2316      28    0    0    0     0          0         0    53011     864    0    0    0     0       0          0
s3-eth30:    2316      28    0    0    0     0          0         0    53011     864    0    0    0     0       0          0
s3-eth31:    2316      28    0    0    0     0          0         0    53011     864    0    0    0     0       0          0
s3-eth32:    2316      28    0    0    0     0          0         0    53011     864    0    0    0     0       0          0
s3-eth33:    2316      28    0    0    0     0          0         0    53011     864    0    0    0     0       0          0
s3-eth34:    2316      28    0    0    0     0          0         0    53011     864    0    0    0     0       0          0
s4-eth3:    2316      28    0    0    0     0          0         0    53011     864    0    0    0     0       0          0
s4-eth4:    2316      28    0    0    0     0          0         0    53011     864    0    0    0     0       0          0
s4-eth5:    2316      28    0    0    0     0          0         0    53011     864    0    0    0     0       0          0
s4-eth6:    2316      28    0    0    0     0          0         0    53011     864    0    0    0     0       0          0
s4-eth7:    2316      28    0    0    0     0          0         0    53011     864    0    0    0     0       0          0
s4-eth8:    2316      28    0    0    0     0          0         0    53011     864    0    0    0     0       0          0
s4-eth9:    2316      28    0    0    0     0          0         0    53011     864    0    0    0     0       0          0
s4-eth10:    2316      28    0    0    0     0          0         0    53011     864    0    0    0     0       0          0
s4-eth11:    2316      28    0    0    0     0          0         0    53011     864    0    0    0     0       0          0
s4-eth12:    2316      28    0    0    0     0          0         0    53011     864    0    0    0     0       0          0
s4-eth13:    2316      28    0    0    0     0          0         0    53011     864    0    0    0     0       0          0
s4-eth14:    2316      28    0    0    0     0          0         0    53011     864    0    0    0     0       0          0
s4-eth15:    2316      28    0    0    0     0          0         0    53011     864    0    0    0     0       0          0
s4-eth16:    2316      28    0    0    0     0          0         0    53011     864    0    0    0     0       0          0
s4-eth17:    2316      28    0    0    0     0          0         0    53011     864    0    0    0     0       0          0
s4-eth18:    2316      28    0    0    0     0          0         0    53011     864    0    0    0     0       0          0
s4-eth19:    2316      28    0    0    0     0          0         0    53011     864    0    0    0     0       0          0
s4-eth20:    2316      28    0    0    0     0          0         0    53011     864    0    0    0     0       0          0
s4-eth21:    2316      28    0    0    0     0          0         0    53011     864    0    0    0     0       0          0
s4-eth22:    2316      28    0    0    0     0          0         0    53011     864    0    0    0     0       0          0
s4-eth23:    2316      28    0    0    0     0          0         0    53011     864    0    0    0     0       0          0
s4-eth24:    2316      28    0    0    0     0          0         0    53011     864    0    0    0     0       0          0
s4-eth25:    2316      28    0    0    0     0          0         0    53011     864    0    0    0     0       0          0
s4-eth26:    2316      28    0    0    0     0          0         0    53011     864    0    0    0     0       0          0
s4-eth27:    2316      28    0    0    0     0          0         0    53011     864    0    0    0     0       0          0
s4-eth28:    2316      28    0    0    0     0          0         0    53011     864    0    0    0     0       0          0
s4-eth29:    2316      28    0    0    0     0          0         0    53011     864    0    0    0     0       0          0
s4-eth30:    2316      28    0    0    0     0          0         0    53011     864    0    0    0     0       0          0
s4-eth31:    2246      27    0    0    0     0          0         0    53011     864    0    0    0     0       0          0
s4-eth32:    2316      28    0    0    0     0          0         0    53011     864    0    0    0     0       0          0
s4-eth33:    2316      28    0    0    0     0          0         0    53011     864    0    0    0     0       0          0
s4-eth34:    2316      28    0    0    0     0          0         0    53011     864    0    0    0     0       0          0
s5-eth1:   56478     881    0    0    0     0          0         0  1098256   12623    0    0    0     0       0          0
s1-eth1: 1098256   12623    0    0    0     0          0         0    56478     881    0    0    0     0       0          0
s6-eth1: 76003808304 52720499    0    0    0     0          0         0    56478     881    0    0    0     0       0          0
s1-eth2:   56478     881    0    0    0     0          0         0 76003808304 52720499    0    0    0     0       0          0
s5-eth2:   57064     886    0    0    0     0          0         0    52934     862    0    0    0     0       0          0
s2-eth1:   52934     862    0    0    0     0          0         0    57064     886    0    0    0     0       0          0
s6-eth2:   52791     862    0    0    0     0          0         0    53085     865    0    0    0     0       0          0
s2-eth2:   53085     865    0    0    0     0          0         0    52791     862    0    0    0     0       0          0
s7-eth1:   56681     882    0    0    0     0          0         0 76003811900 52720516    0    0    0     0       0          0
s3-eth1: 76003811900 52720516    0    0    0     0          0         0    56681     882    0    0    0     0       0          0
s8-eth1: 1094453   12602    0    0    0     0          0         0    56681     882    0    0    0     0       0          0
s3-eth2:   56681     882    0    0    0     0          0         0  1094453   12602    0    0    0     0       0          0
s7-eth2:   56681     882    0    0    0     0          0         0    52994     863    0    0    0     0       0          0
s4-eth1:   52994     863    0    0    0     0          0         0    56681     882    0    0    0     0       0          0
s8-eth2:   52994     863    0    0    0     0          0         0    52994     863    0    0    0     0       0          0
s4-eth2:   52994     863    0    0    0     0          0         0    52994     863    0    0    0     0       0          0
s9-eth1:   52934     862    0    0    0     0          0         0    56681     882    0    0    0     0       0          0
s5-eth3:   56681     882    0    0    0     0          0         0    52934     862    0    0    0     0       0          0
s10-eth1:   52934     862    0    0    0     0          0         0  1098140   12621    0    0    0     0       0          0
s5-eth4: 1098140   12621    0    0    0     0          0         0    52934     862    0    0    0     0       0          0
s9-eth2: 76003808213 52720497    0    0    0     0          0         0    52994     863    0    0    0     0       0          0
s6-eth3:   52994     863    0    0    0     0          0         0 76003808213 52720497    0    0    0     0       0          0
s10-eth2:   52994     863    0    0    0     0          0         0    52994     863    0    0    0     0       0          0
s6-eth4:   52994     863    0    0    0     0          0         0    52994     863    0    0    0     0       0          0
s9-eth3:   52994     863    0    0    0     0          0         0 76003808213 52720497    0    0    0     0       0          0
s7-eth3: 76003808213 52720497    0    0    0     0          0         0    52994     863    0    0    0     0       0          0
s10-eth3:   52994     863    0    0    0     0          0         0    52994     863    0    0    0     0       0          0
s7-eth4:   52994     863    0    0    0     0          0         0    52994     863    0    0    0     0       0          0
s9-eth4:   52994     863    0    0    0     0          0         0    52994     863    0    0    0     0       0          0
s8-eth3:   52994     863    0    0    0     0          0         0    52994     863    0    0    0     0       0          0
s10-eth4: 1094453   12602    0    0    0     0          0         0    52994     863    0    0    0     0       0          0
s8-eth4:   52994     863    0    0    0     0          0         0  1094453   12602    0    0    0     0       0          0
