s1-eth3: 62419383855 43298672    0    0    0     0          0         0  1046519   12012    0    0    0     0       0          0
s1-eth4:    2582      31    0    0    0     0          0         0    43317     703    0    0    0     0       0          0
s1-eth5:    2386      29    0    0    0     0          0         0    43061     700    0    0    0     0       0          0
s1-eth6:    2316      28    0    0    0     0          0         0    43121     701    0    0    0     0       0          0
s1-eth7:    2386      29    0    0    0     0          0         0    43121     701    0    0    0     0       0          0
s1-eth8:    2316      28    0    0    0     0          0         0    43061     700    0    0    0     0       0          0
s1-eth9:    2386      29    0    0    0     0          0         0    43061     700    0    0    0     0       0          0
s1-eth10:    2386      29    0    0    0     0          0         0    43131     701    0    0    0     0       0          0
s1-eth11:    2386      29    0    0    0     0          0         0    43121     701    0    0    0     0       0          0
s1-eth12:    2386      29    0    0    0     0          0         0    43131     701    0    0    0     0       0          0
s1-eth13:    2386      29    0    0    0     0          0         0    43061     700    0    0    0     0       0          0
s1-eth14:    2386      29    0    0    0     0          0         0    43191     702    0    0    0     0       0          0
s1-eth15:    2386      29    0    0    0     0          0         0    43121     701    0    0    0     0       0          0
s1-eth16:    2386      29    0    0    0     0          0         0    43121     701    0    0    0     0       0          0
s1-eth17:    2386      29    0    0    0     0          0         0    43121     701    0    0    0     0       0          0
s1-eth18:    2316      28    0    0    0     0          0         0    43061     700    0    0    0     0       0          0
s1-eth19:    2316      28    0    0    0     0          0         0    43191     702    0    0    0     0       0          0
s1-eth20:    2386      29    0    0    0     0          0         0    43301     703    0    0    0     0       0          0
s1-eth21:    2316      28    0    0    0     0          0         0    43121     701    0    0    0     0       0          0
s1-eth22:    2316      28    0    0    0     0          0         0    43121     701    0    0    0     0       0          0
s1-eth23:    2386      29    0    0    0     0          0         0    43171     701    0    0    0     0       0          0
s1-eth24:    2386      29    0    0    0     0          0         0    43061     700    0    0    0     0       0          0
s1-eth25:    2386      29    0    0    0     0          0         0    43131     701    0    0    0     0       0          0
s1-eth26:    2316      28    0    0    0     0          0         0    43191     702    0    0    0     0       0          0
s1-eth27:    2386      29    0    0    0     0          0         0    43241     702    0    0    0     0       0          0
s1-eth28:    2316      28    0    0    0     0          0         0    43191     702    0    0    0     0       0          0
s1-eth29:    2316      28    0    0    0     0          0         0    43121     701    0    0    0     0       0          0
s1-eth30:    2386      29    0    0    0     0          0         0    43191     702    0    0    0     0       0          0
s1-eth31:    2316      28    0    0    0     0          0         0    43191     702    0    0    0     0       0          0
s1-eth32:    2386      29    0    0    0     0          0         0    43191     702    0    0    0     0       0          0
s1-eth33:    2386      29    0    0    0     0          0         0    43121     701    0    0    0     0       0          0
s1-eth34:    2316      28    0    0    0     0          0         0    43121     701    0    0    0     0       0          0
s2-eth3:    2680      32    0    0    0     0          0         0    43355     703    0    0    0     0       0          0
s2-eth4:    2316      28    0    0    0     0          0         0    43061     700    0    0    0     0       0          0
s2-eth5:    2316      28    0    0    0     0          0         0    43131     701    0    0    0     0       0          0
s2-eth6:    2316      28    0    0    0     0          0         0    43241     702    0    0    0     0       0          0
s2-eth7:    2386      29    0    0    0     0          0         0    43241     702    0    0    0     0       0          0
s2-eth8:    2386      29    0    0    0     0          0         0    43171     701    0    0    0     0       0          0
s2-eth9:    2316      28    0    0    0     0          0         0    43061     700    0    0    0     0       0          0
s2-eth10:    2316      28    0    0    0     0          0         0    43131     701    0    0    0     0       0          0
s2-eth11:    2386      29    0    0    0     0          0         0    43131     701    0    0    0     0       0          0
s2-eth12:    2386      29    0    0    0     0          0         0    43241     702    0    0    0     0       0          0
s2-eth13:    2386      29    0    0    0     0          0         0    43241     702    0    0    0     0       0          0
s2-eth14:    2316      28    0    0    0     0          0         0    43241     702    0    0    0     0       0          0
s2-eth15:    2386      29    0    0    0     0          0         0    43241     702    0    0    0     0       0          0
s2-eth16:    2386      29    0    0    0     0          0         0    43241     702    0    0    0     0       0          0
s2-eth17:    2386      29    0    0    0     0          0         0    43241     702    0    0    0     0       0          0
s2-eth18:    2386      29    0    0    0     0          0         0    43171     701    0    0    0     0       0          0
s2-eth19:    2316      28    0    0    0     0          0         0    43241     702    0    0    0     0       0          0
s2-eth20:    2316      28    0    0    0     0          0         0    43131     701    0    0    0     0       0          0
s2-eth21:    2316      28    0    0    0     0          0         0    43131     701    0    0    0     0       0          0
s2-eth22:    2386      29    0    0    0     0          0         0    43131     701    0    0    0     0       0          0
s2-eth23:    2386      29    0    0    0     0          0         0    43241     702    0    0    0     0       0          0
s2-eth24:    2386      29    0    0    0     0          0         0    43241     702    0    0    0     0       0          0
s2-eth25:    2386      29    0    0    0     0          0         0    43131     701    0    0    0     0       0          0
s2-eth26:    2386      29    0    0    0     0          0         0    43241     702    0    0    0     0       0          0
s2-eth27:    2316      28    0    0    0     0          0         0    43241     702    0    0    0     0       0          0
s2-eth28:    2316      28    0    0    0     0          0         0    43241     702    0    0    0     0       0          0
s2-eth29:    2316      28    0    0    0     0          0         0    43241     702    0    0    0     0       0          0
s2-eth30:    2316      28    0    0    0     0          0         0    43241     702    0    0    0     0       0          0
s2-eth31:    2316      28    0    0    0     0          0         0    43241     702    0    0    0     0       0          0
s2-eth32:    2316      28    0    0    0     0          0         0    43131     701    0    0    0     0       0          0
s2-eth33:    2316      28    0    0    0     0          0         0    43241     702    0    0    0     0       0          0
s2-eth34:    2386      29    0    0    0     0          0         0    43241     702    0    0    0     0       0          0
s3-eth3: 1005154   11333    0    0    0     0          0         0 62419424220 43299340    0    0    0     0       0          0
s3-eth4:    2316      28    0    0    0     0          0         0    43241     702    0    0    0     0       0          0
s3-eth5:    2316      28    0    0    0     0          0         0    43241     702    0    0    0     0       0          0
s3-eth6:    2316      28    0    0    0     0          0         0    43241     702    0    0    0     0       0          0
s3-eth7:    2316      28    0    0    0     0          0         0    43131     701    0    0    0     0       0          0
s3-eth8:    2316      28    0    0    0     0          0         0    43241     702    0    0    0     0       0          0
s3-eth9:    2246      27    0    0    0     0          0         0    43171     701    0    0    0     0       0          0
s3-eth10:    2316      28    0    0    0     0          0         0    43241     702    0    0    0     0       0          0
s3-eth11:    2316      28    0    0    0     0          0         0    43241     702    0    0    0     0       0          0
s3-eth12:    2316      28    0    0    0     0          0         0    43241     702    0    0    0     0       0          0
s3-eth13:    2316      28    0    0    0     0          0         0    43241     702    0    0    0     0       0          0
s3-eth14:    2316      28    0    0    0     0          0         0    43241     702    0    0    0     0       0          0
s3-eth15:    2316      28    0    0    0     0          0         0    43351     703    0    0    0     0       0          0
s3-eth16:    2316      28    0    0    0     0          0         0    43351     703    0    0    0     0       0          0
s3-eth17:    2316      28    0    0    0     0          0         0    43351     703    0    0    0     0       0          0
s3-eth18:    2316      28    0    0    0     0          0         0    43351     703    0    0    0     0       0          0
s3-eth19:    2316      28    0    0    0     0          0         0    43351     703    0    0    0     0       0          0
s3-eth20:    2316      28    0    0    0     0          0         0    43351     703    0    0    0     0       0          0
s3-eth21:    2316      28    0    0    0     0          0         0    43351     703    0    0    0     0       0          0
s3-eth22:    2316      28    0    0    0     0          0         0    43351     703    0    0    0     0       0          0
s3-eth23:    2316      28    0    0    0     0          0         0    43351     703    0    0    0     0       0          0
s3-eth24:    2246      27    0    0    0     0          0         0    43351     703    0    0    0     0       0          0
s3-eth25:    2316      28    0    0    0     0          0         0    43351     703    0    0    0     0       0          0
s3-eth26:    2316      28    0    0    0     0          0         0    43351     703    0    0    0     0       0          0
s3-eth27:    2316      28    0    0    0     0          0         0    43351     703    0    0    0     0       0          0
s3-eth28:    2316      28    0    0    0     0          0         0    43351     703    0    0    0     0       0          0
s3-eth29:    2316      28    0    0    0     0          0         0    43351     703    0    0    0     0       0          0
s3-eth30:    2316      28    0    0    0     0          0         0    43351     703    0    0    0     0       0          0
s3-eth31:    2316      28    0    0    0     0          0         0    43351     703    0    0    0     0       0          0
s3-eth32:    2316      28    0    0    0     0          0         0    43351     703    0    0    0     0       0          0
s3-eth33:    2316      28    0    0    0     0          0         0    43351     703    0    0    0     0       0          0
s3-eth34:    2316      28    0    0    0     0          0         0    43351     703    0    0    0     0       0          0
s4-eth3:    2316      28    0    0    0     0          0         0    43351     703    0    0    0     0       0          0
s4-eth4:    2316      28    0    0    0     0          0         0    43351     703    0    0    0     0       0          0
s4-eth5:    2316      28    0    0    0     0          0         0    43351     703    0    0    0     0       0          0
s4-eth6:    2316      28    0    0    0     0          0         0    43351     703    0    0    0     0       0          0
s4-eth7:    2316      28    0    0    0     0          0         0    43351     703    0    0    0     0       0          0
s4-eth8:    2316      28    0    0    0     0          0         0    43351     703    0    0    0     0       0          0
s4-eth9:    2316      28    0    0    0     0          0         0    43351     703    0    0    0     0       0          0
s4-eth10:    2316      28    0    0    0     0          0         0    43351     703    0    0    0     0       0          0
s4-eth11:    2316      28    0    0    0     0          0         0    43351     703    0    0    0     0       0          0
s4-eth12:    2316      28    0    0    0     0          0         0    43351     703    0    0    0     0       0          0
s4-eth13:    2316      28    0    0    0     0          0         0    43351     703    0    0    0     0       0          0
s4-eth14:    2316      28    0    0    0     0          0         0    43411     704    0    0    0     0       0          0
s4-eth15:    2316      28    0    0    0     0          0         0    43351     703    0    0    0     0       0          0
s4-eth16:    2316      28    0    0    0     0          0         0    43351     703    0    0    0     0       0          0
s4-eth17:    2316      28    0    0    0     0          0         0    43351     703    0    0    0     0       0          0
s4-eth18:    2316      28    0    0    0     0          0         0    43351     703    0    0    0     0       0          0
s4-eth19:    2316      28    0    0    0     0          0         0    43351     703    0    0    0     0       0          0
s4-eth20:    2316      28    0    0    0     0          0         0    43351     703    0    0    0     0       0          0
s4-eth21:    2316      28    0    0    0     0          0         0    43411     704    0    0    0     0       0          0
s4-eth22:    2316      28    0    0    0     0          0         0    43351     703    0    0    0     0       0          0
s4-eth23:    2316      28    0    0    0     0          0         0    43351     703    0    0    0     0       0          0
s4-eth24:    2316      28    0    0    0     0          0         0    43351     703    0    0    0     0       0          0
s4-eth25:    2316      28    0    0    0     0          0         0    43351     703    0    0    0     0       0          0
s4-eth26:    2316      28    0    0    0     0          0         0    43351     703    0    0    0     0       0          0
s4-eth27:    2316      28    0    0    0     0          0         0    43351     703    0    0    0     0       0          0
s4-eth28:    2316      28    0    0    0     0          0         0    43351     703    0    0    0     0       0          0
s4-eth29:    2316      28    0    0    0     0          0         0    43351     703    0    0    0     0       0          0
s4-eth30:    2316      28    0    0    0     0          0         0    43281     702    0    0    0     0       0          0
s4-eth31:    2246      27    0    0    0     0          0         0    43351     703    0    0    0     0       0          0
s4-eth32:    2316      28    0    0    0     0          0         0    43351     703    0    0    0     0       0          0
s4-eth33:    2316      28    0    0    0     0          0         0    43351     703    0    0    0     0       0          0
s4-eth34:    2316      28    0    0    0     0          0         0    43351     703    0    0    0     0       0          0
s5-eth1:   46878     721    0    0    0     0          0         0  1050035   12029    0    0    0     0       0          0
s1-eth1: 1050035   12029    0    0    0     0          0         0    46878     721    0    0    0     0       0          0
s6-eth1: 62419424464 43299343    0    0    0     0          0         0    46878     721    0    0    0     0       0          0
s1-eth2:   46878     721    0    0    0     0          0         0 62419424464 43299343    0    0    0     0       0          0
s5-eth2:   47404     725    0    0    0     0          0         0    43334     702    0    0    0     0       0          0
s2-eth1:   43334     702    0    0    0     0          0         0    47404     725    0    0    0     0       0          0
s6-eth2:   43131     701    0    0    0     0          0         0    43485     705    0    0    0     0       0          0
s2-eth2:   43485     705    0    0    0     0          0         0    43131     701    0    0    0     0       0          0
s7-eth1:   47021     721    0    0    0     0          0         0 62419428060 43299360    0    0    0     0       0          0
s3-eth1: 62419428060 43299360    0    0    0     0          0         0    47021     721    0    0    0     0       0          0
s8-eth1: 1046172   12007    0    0    0     0          0         0    47081     722    0    0    0     0       0          0
s3-eth2:   47081     722    0    0    0     0          0         0  1046172   12007    0    0    0     0       0          0
s7-eth2:   47081     722    0    0    0     0          0         0    43394     703    0    0    0     0       0          0
s4-eth1:   43394     703    0    0    0     0          0         0    47081     722    0    0    0     0       0          0
s8-eth2:   43334     702    0    0    0     0          0         0    43394     703    0    0    0     0       0          0
s4-eth2:   43394     703    0    0    0     0          0         0    43334     702    0    0    0     0       0          0
s9-eth1:   43334     702    0    0    0     0          0         0    47021     721    0    0    0     0       0          0
s5-eth3:   47021     721    0    0    0     0          0         0    43334     702    0    0    0     0       0          0
s10-eth1:   43334     702    0    0    0     0          0         0  1049859   12026    0    0    0     0       0          0
s5-eth4: 1049859   12026    0    0    0     0          0         0    43334     702    0    0    0     0       0          0
s9-eth2: 62419424373 43299341    0    0    0     0          0         0    43334     702    0    0    0     0       0          0
s6-eth3:   43334     702    0    0    0     0          0         0 62419424373 43299341    0    0    0     0       0          0
s10-eth2:   43394     703    0    0    0     0          0         0    43394     703    0    0    0     0       0          0
s6-eth4:   43394     703    0    0    0     0          0         0    43394     703    0    0    0     0       0          0
s9-eth3:   43394     703    0    0    0     0          0         0 62419424313 43299340    0    0    0     0       0          0
s7-eth3: 62419424313 43299340    0    0    0     0          0         0    43394     703    0    0    0     0       0          0
s10-eth3:   43394     703    0    0    0     0          0         0    43394     703    0    0    0     0       0          0
s7-eth4:   43394     703    0    0    0     0          0         0    43394     703    0    0    0     0       0          0
s9-eth4:   43324     702    0    0    0     0          0         0    43334     702    0    0    0     0       0          0
s8-eth3:   43334     702    0    0    0     0          0         0    43324     702    0    0    0     0       0          0
s10-eth4: 1046232   12008    0    0    0     0          0         0    43394     703    0    0    0     0       0          0
s8-eth4:   43394     703    0    0    0     0          0         0  1046232   12008    0    0    0     0       0          0
