s1-eth3: 1490817541 1456200    0    0    0     0          0         0    31951     340    0    0    0     0       0          0
s2-eth3:    1438      17    0    0    0     0          0         0     4599      32    0    0    0     0       0          0
s3-eth3:    1156      14    0    0    0     0          0         0     4403      30    0    0    0     0       0          0
s4-eth3:   28508     322    0    0    0     0          0         0 1490162250 1455572    0    0    0     0       0          0
s5-eth1:    6095      95    0    0    0     0          0         0    32019     397    0    0    0     0       0          0
s1-eth1:   32019     397    0    0    0     0          0         0     6095      95    0    0    0     0       0          0
s6-eth1: 1490701738 1456164    0    0    0     0          0         0     6095      95    0    0    0     0       0          0
s1-eth2:    6095      95    0    0    0     0          0         0 1490701738 1456164    0    0    0     0       0          0
s5-eth2:    6291      97    0    0    0     0          0         0     6095      95    0    0    0     0       0          0
s2-eth1:    6095      95    0    0    0     0          0         0     6291      97    0    0    0     0       0          0
s6-eth2:    6095      95    0    0    0     0          0         0     6291      97    0    0    0     0       0          0
s2-eth2:    6291      97    0    0    0     0          0         0     6095      95    0    0    0     0       0          0
s7-eth1:    6095      95    0    0    0     0          0         0     6228      96    0    0    0     0       0          0
s3-eth1:    6228      96    0    0    0     0          0         0     6095      95    0    0    0     0       0          0
s8-eth1:    6095      95    0    0    0     0          0         0     6095      95    0    0    0     0       0          0
s3-eth2:    6095      95    0    0    0     0          0         0     6095      95    0    0    0     0       0          0
s7-eth2:   33349     403    0    0    0     0          0         0     6095      95    0    0    0     0       0          0
s4-eth1:    6095      95    0    0    0     0          0         0    33349     403    0    0    0     0       0          0
s8-eth2:    6095      95    0    0    0     0          0         0 1490267366 1455738    0    0    0     0       0          0
s4-eth2: 1490267366 1455738    0    0    0     0          0         0     6095      95    0    0    0     0       0          0
s9-eth1:    6095      95    0    0    0     0          0         0     4471      87    0    0    0     0       0          0
s5-eth3:    4471      87    0    0    0     0          0         0     6095      95    0    0    0     0       0          0
s10-eth1:    6095      95    0    0    0     0          0         0    31889     395    0    0    0     0       0          0
s5-eth4:   31889     395    0    0    0     0          0         0     6095      95    0    0    0     0       0          0
s9-eth2:    6095      95    0    0    0     0          0         0     4268      86    0    0    0     0       0          0
s6-eth3:    4268      86    0    0    0     0          0         0     6095      95    0    0    0     0       0          0
s10-eth2: 1490558182 1456022    0    0    0     0          0         0     6161      95    0    0    0     0       0          0
s6-eth4:    6161      95    0    0    0     0          0         0 1490558182 1456022    0    0    0     0       0          0
s9-eth3:    6095      95    0    0    0     0          0         0     6095      95    0    0    0     0       0          0
s7-eth3:    6095      95    0    0    0     0          0         0     6095      95    0    0    0     0       0          0
s10-eth3:   33447     403    0    0    0     0          0         0     6161      95    0    0    0     0       0          0
s7-eth4:    6161      95    0    0    0     0          0         0    33447     403    0    0    0     0       0          0
s9-eth4:    6095      95    0    0    0     0          0         0     6095      95    0    0    0     0       0          0
s8-eth3:    6095      95    0    0    0     0          0         0     6095      95    0    0    0     0       0          0
s10-eth4:    6095      95    0    0    0     0          0         0 1490349352 1455818    0    0    0     0       0          0
s8-eth4: 1490349352 1455818    0    0    0     0          0         0     6095      95    0    0    0     0       0          0
