182176 (python) S 3096 182176 182176 0 -1 4194304 24302 0 150 0 513 19 0 0 20 0 51 0 23976806 3929358336 35782 18446744073709551615 98615197188096 98615199856641 140729964001120 0 0 0 0 16781317 16386 1 0 0 17 6 0 0 0 0 0 98615201357024 98615202197232 98616088141824 140729964003185 140729964003263 140729964003263 140729964007358 0
183168 (grpc_global_tim) S 3096 182176 182176 0 -1 4194368 3 0 0 0 0 1 0 0 20 0 51 0 23976875 3929358336 35782 18446744073709551615 98615197188096 98615199856641 140729964001120 0 0 0 0 16781317 16386 1 0 0 -1 5 0 0 0 0 0 98615201357024 98615202197232 98616088141824 140729964003185 140729964003263 140729964003263 140729964007358 0
183172 (event_engine) S 3096 182176 182176 0 -1 4194368 308 0 0 0 127 179 0 0 20 0 51 0 23976875 3929358336 35782 18446744073709551615 98615197188096 98615199856641 140729964001120 0 0 0 0 16781317 16386 1 0 0 -1 8 0 0 0 0 0 98615201357024 98615202197232 98616088141824 140729964003185 140729964003263 140729964003263 140729964007358 0
183173 (event_engine) S 3096 182176 182176 0 -1 4194368 315 0 0 0 130 178 0 0 20 0 51 0 23976875 3929358336 35782 18446744073709551615 98615197188096 98615199856641 140729964001120 0 0 0 0 16781317 16386 1 0 0 -1 8 0 0 0 0 0 98615201357024 98615202197232 98616088141824 140729964003185 140729964003263 140729964003263 140729964007358 0
183174 (event_engine) S 3096 182176 182176 0 -1 4194368 457 0 1 0 112 182 0 0 20 0 51 0 23976875 3929358336 35782 18446744073709551615 98615197188096 98615199856641 140729964001120 0 0 0 0 16781317 16386 1 0 0 -1 2 0 0 0 0 0 98615201357024 98615202197232 98616088141824 140729964003185 140729964003263 140729964003263 140729964007358 0
183175 (event_engine) S 3096 182176 182176 0 -1 4194368 429 0 12 0 124 176 0 0 20 0 51 0 23976875 3929358336 35782 18446744073709551615 98615197188096 98615199856641 140729964001120 0 0 0 0 16781317 16386 1 0 0 -1 0 0 0 0 0 0 98615201357024 98615202197232 98616088141824 140729964003185 140729964003263 140729964003263 140729964007358 0
183176 (event_engine) S 3096 182176 182176 0 -1 4194368 326 0 0 0 133 167 0 0 20 0 51 0 23976875 3929358336 35782 18446744073709551615 98615197188096 98615199856641 140729964001120 0 0 0 0 16781317 16386 1 0 0 -1 7 0 0 0 0 0 98615201357024 98615202197232 98616088141824 140729964003185 140729964003263 140729964003263 140729964007358 0
183177 (event_engine) S 3096 182176 182176 0 -1 4194368 280 0 0 0 125 174 0 0 20 0 51 0 23976875 3929358336 35782 18446744073709551615 98615197188096 98615199856641 140729964001120 0 0 0 0 16781317 16386 1 0 0 -1 0 0 0 0 0 0 98615201357024 98615202197232 98616088141824 140729964003185 140729964003263 140729964003263 140729964007358 0
183178 (event_engine) R 3096 182176 182176 0 -1 4194368 325 0 0 0 126 185 0 0 20 0 51 0 23976875 3929358336 35782 18446744073709551615 98615197188096 98615199856641 140729964001120 0 0 0 0 16781317 16386 1 0 0 -1 4 0 0 0 0 0 98615201357024 98615202197232 98616088141824 140729964003185 140729964003263 140729964003263 140729964007358 0
183179 (event_engine) S 3096 182176 182176 0 -1 4194368 423 0 0 0 128 182 0 0 20 0 51 0 23976875 3929358336 35782 18446744073709551615 98615197188096 98615199856641 140729964001120 0 0 0 0 16781317 16386 1 0 0 -1 1 0 0 0 0 0 98615201357024 98615202197232 98616088141824 140729964003185 140729964003263 140729964003263 140729964007358 0
183180 (event_engine) S 3096 182176 182176 0 -1 4194368 198 0 2 0 123 174 0 0 20 0 51 0 23976875 3929358336 35782 18446744073709551615 98615197188096 98615199856641 140729964001120 0 0 0 0 16781317 16386 1 0 0 -1 0 0 0 0 0 0 98615201357024 98615202197232 98616088141824 140729964003185 140729964003263 140729964003263 140729964007358 0
183181 (event_engine) S 3096 182176 182176 0 -1 4194368 287 0 0 0 128 178 0 0 20 0 51 0 23976875 3929358336 35782 18446744073709551615 98615197188096 98615199856641 140729964001120 0 0 0 0 16781317 16386 1 0 0 -1 7 0 0 0 0 0 98615201357024 98615202197232 98616088141824 140729964003185 140729964003263 140729964003263 140729964007358 0
183182 (event_engine) S 3096 182176 182176 0 -1 4194368 300 0 5 0 133 177 0 0 20 0 51 0 23976875 3929358336 35782 18446744073709551615 98615197188096 98615199856641 140729964001120 0 0 0 0 16781317 16386 1 0 0 -1 12 0 0 0 0 0 98615201357024 98615202197232 98616088141824 140729964003185 140729964003263 140729964003263 140729964007358 0
183183 (event_engine) S 3096 182176 182176 0 -1 4194368 277 0 0 0 124 169 0 0 20 0 51 0 23976875 3929358336 35782 18446744073709551615 98615197188096 98615199856641 140729964001120 0 0 0 0 16781317 16386 1 0 0 -1 13 0 0 0 0 0 98615201357024 98615202197232 98616088141824 140729964003185 140729964003263 140729964003263 140729964007358 0
183184 (event_engine) S 3096 182176 182176 0 -1 4194368 356 0 0 0 130 181 0 0 20 0 51 0 23976875 3929358336 35782 18446744073709551615 98615197188096 98615199856641 140729964001120 0 0 0 0 16781317 16386 1 0 0 -1 4 0 0 0 0 0 98615201357024 98615202197232 98616088141824 140729964003185 140729964003263 140729964003263 140729964007358 0
183185 (event_engine) S 3096 182176 182176 0 -1 4194368 321 0 0 0 133 169 0 0 20 0 51 0 23976875 3929358336 35782 18446744073709551615 98615197188096 98615199856641 140729964001120 0 0 0 0 16781317 16386 1 0 0 -1 12 0 0 0 0 0 98615201357024 98615202197232 98616088141824 140729964003185 140729964003263 140729964003263 140729964007358 0
183186 (lifeguard) S 3096 182176 182176 0 -1 4194368 2 0 0 0 0 0 0 0 20 0 51 0 23976875 3929358336 35782 18446744073709551615 98615197188096 98615199856641 140729964001120 0 0 0 0 16781317 16386 1 0 0 -1 6 0 0 0 0 0 98615201357024 98615202197232 98616088141824 140729964003185 140729964003263 140729964003263 140729964007358 0
183189 (python) S 3096 182176 182176 0 -1 4194368 27 0 0 0 1963 264 0 0 20 0 51 0 23976875 3929358336 35782 18446744073709551615 98615197188096 98615199856641 140729964001120 0 0 0 0 16781317 16386 1 0 0 -1 2 0 0 0 0 0 98615201357024 98615202197232 98616088141824 140729964003185 140729964003263 140729964003263 140729964007358 0
183190 (python) S 3096 182176 182176 0 -1 4194368 7 0 0 0 3 0 0 0 20 0 51 0 23976875 3929358336 35782 18446744073709551615 98615197188096 98615199856641 140729964001120 0 0 0 0 16781317 16386 1 0 0 -1 10 0 0 0 0 0 98615201357024 98615202197232 98616088141824 140729964003185 140729964003263 140729964003263 140729964007358 0
183191 (python) R 3096 182176 182176 0 -1 4194368 812 0 0 0 1984 783 0 0 20 0 51 0 23976875 3929358336 35782 18446744073709551615 98615197188096 98615199856641 140729964001120 0 0 0 0 16781317 16386 0 0 0 -1 13 0 0 0 0 0 98615201357024 98615202197232 98616088141824 140729964003185 140729964003263 140729964003263 140729964007358 0
183194 (python) R 3096 182176 182176 0 -1 4194368 41 0 0 0 1938 255 0 0 20 0 51 0 23976875 3929358336 35782 18446744073709551615 98615197188096 98615199856641 140729964001120 0 0 0 0 16781317 16386 0 0 0 -1 12 0 0 0 0 0 98615201357024 98615202197232 98616088141824 140729964003185 140729964003263 140729964003263 140729964007358 0
183195 (python) S 3096 182176 182176 0 -1 4194368 6 0 0 0 3 1 0 0 20 0 51 0 23976875 3929358336 35782 18446744073709551615 98615197188096 98615199856641 140729964001120 0 0 0 0 16781317 16386 1 0 0 -1 4 0 0 0 0 0 98615201357024 98615202197232 98616088141824 140729964003185 140729964003263 140729964003263 140729964007358 0
183197 (python) S 3096 182176 182176 0 -1 4194368 595 0 0 0 1936 797 0 0 20 0 51 0 23976875 3929358336 35782 18446744073709551615 98615197188096 98615199856641 140729964001120 0 0 0 0 16781317 16386 1 0 0 -1 5 0 0 0 0 0 98615201357024 98615202197232 98616088141824 140729964003185 140729964003263 140729964003263 140729964007358 0
183204 (python) S 3096 182176 182176 0 -1 4194368 19 0 0 0 31 4 0 0 20 0 51 0 23976876 3929358336 35782 18446744073709551615 98615197188096 98615199856641 140729964001120 0 0 0 0 16781317 16386 1 0 0 -1 11 0 0 0 0 0 98615201357024 98615202197232 98616088141824 140729964003185 140729964003263 140729964003263 140729964007358 0
183206 (python) S 3096 182176 182176 0 -1 4194368 6 0 0 0 2 1 0 0 20 0 51 0 23976876 3929358336 35782 18446744073709551615 98615197188096 98615199856641 140729964001120 0 0 0 0 16781317 16386 1 0 0 -1 5 0 0 0 0 0 98615201357024 98615202197232 98616088141824 140729964003185 140729964003263 140729964003263 140729964007358 0
183207 (python) S 3096 182176 182176 0 -1 4194368 7 0 0 0 18 5 0 0 20 0 51 0 23976876 3929358336 35782 18446744073709551615 98615197188096 98615199856641 140729964001120 0 0 0 0 16781317 16386 1 0 0 -1 10 0 0 0 0 0 98615201357024 98615202197232 98616088141824 140729964003185 140729964003263 140729964003263 140729964007358 0
183213 (python) S 3096 182176 182176 0 -1 4194368 13 0 0 0 40 3 0 0 20 0 51 0 23976876 3929358336 35782 18446744073709551615 98615197188096 98615199856641 140729964001120 0 0 0 0 16781317 16386 1 0 0 -1 10 0 0 0 0 0 98615201357024 98615202197232 98616088141824 140729964003185 140729964003263 140729964003263 140729964007358 0
183215 (python) S 3096 182176 182176 0 -1 4194368 6 0 0 0 1 2 0 0 20 0 51 0 23976876 3929358336 35782 18446744073709551615 98615197188096 98615199856641 140729964001120 0 0 0 0 16781317 16386 1 0 0 -1 4 0 0 0 0 0 98615201357024 98615202197232 98616088141824 140729964003185 140729964003263 140729964003263 140729964007358 0
183216 (python) S 3096 182176 182176 0 -1 4194368 752 0 0 0 95 9 0 0 20 0 51 0 23976876 3929358336 35782 18446744073709551615 98615197188096 98615199856641 140729964001120 0 0 0 0 16781317 16386 1 0 0 -1 5 0 0 0 0 0 98615201357024 98615202197232 98616088141824 140729964003185 140729964003263 140729964003263 140729964007358 0
183221 (python) S 3096 182176 182176 0 -1 4194368 25 0 0 0 1926 249 0 0 20 0 51 0 23976876 3929358336 35782 18446744073709551615 98615197188096 98615199856641 140729964001120 0 0 0 0 16781317 16386 1 0 0 -1 8 0 0 0 0 0 98615201357024 98615202197232 98616088141824 140729964003185 140729964003263 140729964003263 140729964007358 0
183222 (python) S 3096 182176 182176 0 -1 4194368 6 0 0 0 3 2 0 0 20 0 51 0 23976876 3929358336 35782 18446744073709551615 98615197188096 98615199856641 140729964001120 0 0 0 0 16781317 16386 1 0 0 -1 1 0 0 0 0 0 98615201357024 98615202197232 98616088141824 140729964003185 140729964003263 140729964003263 140729964007358 0
183223 (python) S 3096 182176 182176 0 -1 4194368 1684 0 0 0 2010 781 0 0 20 0 51 0 23976876 3929358336 35782 18446744073709551615 98615197188096 98615199856641 140729964001120 0 0 0 0 16781317 16386 1 0 0 -1 4 0 0 0 0 0 98615201357024 98615202197232 98616088141824 140729964003185 140729964003263 140729964003263 140729964007358 0
183227 (python) S 3096 182176 182176 0 -1 4194368 13 0 0 0 24 2 0 0 20 0 51 0 23976877 3929358336 35782 18446744073709551615 98615197188096 98615199856641 140729964001120 0 0 0 0 16781317 16386 1 0 0 -1 6 0 0 0 0 0 98615201357024 98615202197232 98616088141824 140729964003185 140729964003263 140729964003263 140729964007358 0
183229 (python) S 3096 182176 182176 0 -1 4194368 6 0 0 0 3 2 0 0 20 0 51 0 23976877 3929358336 35782 18446744073709551615 98615197188096 98615199856641 140729964001120 0 0 0 0 16781317 16386 1 0 0 -1 13 0 0 0 0 0 98615201357024 98615202197232 98616088141824 140729964003185 140729964003263 140729964003263 140729964007358 0
183230 (python) S 3096 182176 182176 0 -1 4194368 705 0 0 0 161 13 0 0 20 0 51 0 23976877 3929358336 35782 18446744073709551615 98615197188096 98615199856641 140729964001120 0 0 0 0 16781317 16386 1 0 0 -1 6 0 0 0 0 0 98615201357024 98615202197232 98616088141824 140729964003185 140729964003263 140729964003263 140729964007358 0
183234 (python) S 3096 182176 182176 0 -1 4194368 12 0 0 0 37 2 0 0 20 0 51 0 23976877 3929358336 35782 18446744073709551615 98615197188096 98615199856641 140729964001120 0 0 0 0 16781317 16386 1 0 0 -1 8 0 0 0 0 0 98615201357024 98615202197232 98616088141824 140729964003185 140729964003263 140729964003263 140729964007358 0
183235 (python) S 3096 182176 182176 0 -1 4194368 7 0 0 0 4 1 0 0 20 0 51 0 23976877 3929358336 35782 18446744073709551615 98615197188096 98615199856641 140729964001120 0 0 0 0 16781317 16386 1 0 0 -1 4 0 0 0 0 0 98615201357024 98615202197232 98616088141824 140729964003185 140729964003263 140729964003263 140729964007358 0
183236 (python) S 3096 182176 182176 0 -1 4194368 584 0 0 0 245 20 0 0 20 0 51 0 23976877 3929358336 35782 18446744073709551615 98615197188096 98615199856641 140729964001120 0 0 0 0 16781317 16386 1 0 0 -1 8 0 0 0 0 0 98615201357024 98615202197232 98616088141824 140729964003185 140729964003263 140729964003263 140729964007358 0
183240 (python) S 3096 182176 182176 0 -1 4194368 13 0 0 0 23 2 0 0 20 0 51 0 23976877 3929358336 35782 18446744073709551615 98615197188096 98615199856641 140729964001120 0 0 0 0 16781317 16386 1 0 0 -1 10 0 0 0 0 0 98615201357024 98615202197232 98616088141824 140729964003185 140729964003263 140729964003263 140729964007358 0
183241 (python) S 3096 182176 182176 0 -1 4194368 6 0 0 0 4 2 0 0 20 0 51 0 23976877 3929358336 35782 18446744073709551615 98615197188096 98615199856641 140729964001120 0 0 0 0 16781317 16386 1 0 0 -1 0 0 0 0 0 0 98615201357024 98615202197232 98616088141824 140729964003185 140729964003263 140729964003263 140729964007358 0
183242 (python) S 3096 182176 182176 0 -1 4194368 600 0 0 0 61 6 0 0 20 0 51 0 23976877 3929358336 35782 18446744073709551615 98615197188096 98615199856641 140729964001120 0 0 0 0 16781317 16386 1 0 0 -1 7 0 0 0 0 0 98615201357024 98615202197232 98616088141824 140729964003185 140729964003263 140729964003263 140729964007358 0
183246 (python) S 3096 182176 182176 0 -1 4194368 17 0 0 0 23 1 0 0 20 0 51 0 23976877 3929358336 35782 18446744073709551615 98615197188096 98615199856641 140729964001120 0 0 0 0 16781317 16386 1 0 0 -1 5 0 0 0 0 0 98615201357024 98615202197232 98616088141824 140729964003185 140729964003263 140729964003263 140729964007358 0
183247 (python) S 3096 182176 182176 0 -1 4194368 6 0 0 0 4 2 0 0 20 0 51 0 23976877 3929358336 35782 18446744073709551615 98615197188096 98615199856641 140729964001120 0 0 0 0 16781317 16386 1 0 0 -1 10 0 0 0 0 0 98615201357024 98615202197232 98616088141824 140729964003185 140729964003263 140729964003263 140729964007358 0
183248 (python) S 3096 182176 182176 0 -1 4194368 723 0 0 0 170 14 0 0 20 0 51 0 23976877 3929358336 35782 18446744073709551615 98615197188096 98615199856641 140729964001120 0 0 0 0 16781317 16386 1 0 0 -1 8 0 0 0 0 0 98615201357024 98615202197232 98616088141824 140729964003185 140729964003263 140729964003263 140729964007358 0
183253 (python) S 3096 182176 182176 0 -1 4194368 13 0 0 0 23 2 0 0 20 0 51 0 23976877 3929358336 35782 18446744073709551615 98615197188096 98615199856641 140729964001120 0 0 0 0 16781317 16386 1 0 0 -1 6 0 0 0 0 0 98615201357024 98615202197232 98616088141824 140729964003185 140729964003263 140729964003263 140729964007358 0
183254 (python) S 3096 182176 182176 0 -1 4194368 6 0 0 0 4 2 0 0 20 0 51 0 23976877 3929358336 35782 18446744073709551615 98615197188096 98615199856641 140729964001120 0 0 0 0 16781317 16386 1 0 0 -1 6 0 0 0 0 0 98615201357024 98615202197232 98616088141824 140729964003185 140729964003263 140729964003263 140729964007358 0
183255 (python) S 3096 182176 182176 0 -1 4194368 1267 0 0 0 254 17 0 0 20 0 51 0 23976877 3929358336 35782 18446744073709551615 98615197188096 98615199856641 140729964001120 0 0 0 0 16781317 16386 1 0 0 -1 5 0 0 0 0 0 98615201357024 98615202197232 98616088141824 140729964003185 140729964003263 140729964003263 140729964007358 0
184899 (python) S 3096 182176 182176 0 -1 4194368 30 0 0 0 3 0 0 0 20 0 51 0 23976987 3929358336 35782 18446744073709551615 98615197188096 98615199856641 140729964001120 0 0 0 0 16781317 16386 1 0 0 -1 5 0 0 0 0 0 98615201357024 98615202197232 98616088141824 140729964003185 140729964003263 140729964003263 140729964007358 0
184911 (python) S 3096 182176 182176 0 -1 4194368 3 0 0 0 0 0 0 0 20 0 51 0 23976988 3929358336 35782 18446744073709551615 98615197188096 98615199856641 140729964001120 0 0 0 0 16781317 16386 1 0 0 -1 6 0 0 0 0 0 98615201357024 98615202197232 98616088141824 140729964003185 140729964003263 140729964003263 140729964007358 0
184944 (python) S 3096 182176 182176 0 -1 4194368 22 0 0 0 41 6 0 0 20 0 51 0 23976990 3929358336 35782 18446744073709551615 98615197188096 98615199856641 140729964001120 0 0 0 0 16781317 16386 1 0 0 -1 10 0 0 0 0 0 98615201357024 98615202197232 98616088141824 140729964003185 140729964003263 140729964003263 140729964007358 0
193215 (python) S 3096 182176 182176 0 -1 4194368 32 0 0 0 104 3 0 0 20 0 51 0 23979306 3929358336 35782 18446744073709551615 98615197188096 98615199856641 140729964001120 0 0 0 0 16781317 16386 1 0 0 -1 5 0 0 0 0 0 98615201357024 98615202197232 98616088141824 140729964003185 140729964003263 140729964003263 140729964007358 0
