s1-eth3:    1122      13    0    0    0     0          0         0     4053      28    0    0    0     0       0          0
s2-eth3:    1368      16    0    0    0     0          0         0     4123      29    0    0    0     0       0          0
s3-eth3:    1016      12    0    0    0     0          0         0     3857      26    0    0    0     0       0          0
s4-eth3:    1016      12    0    0    0     0          0         0     3857      26    0    0    0     0       0          0
s5-eth1:    4539      52    0    0    0     0          0         0     3517      48    0    0    0     0       0          0
s1-eth1:    3517      48    0    0    0     0          0         0     4539      52    0    0    0     0       0          0
s6-eth1:    4735      54    0    0    0     0          0         0     4469      51    0    0    0     0       0          0
s1-eth2:    4469      51    0    0    0     0          0         0     4735      54    0    0    0     0       0          0
s5-eth2:    4665      53    0    0    0     0          0         0     4539      52    0    0    0     0       0          0
s2-eth1:    4539      52    0    0    0     0          0         0     4665      53    0    0    0     0       0          0
s6-eth2:    4539      52    0    0    0     0          0         0     4665      53    0    0    0     0       0          0
s2-eth2:    4665      53    0    0    0     0          0         0     4539      52    0    0    0     0       0          0
s7-eth1:    4469      51    0    0    0     0          0         0     4672      53    0    0    0     0       0          0
s3-eth1:    4672      53    0    0    0     0          0         0     4469      51    0    0    0     0       0          0
s8-eth1:    4539      52    0    0    0     0          0         0     4469      51    0    0    0     0       0          0
s3-eth2:    4469      51    0    0    0     0          0         0     4539      52    0    0    0     0       0          0
s7-eth2:    4371      51    0    0    0     0          0         0     4469      51    0    0    0     0       0          0
s4-eth1:    4469      51    0    0    0     0          0         0     4371      51    0    0    0     0       0          0
s8-eth2:    4469      51    0    0    0     0          0         0     4469      51    0    0    0     0       0          0
s4-eth2:    4469      51    0    0    0     0          0         0     4469      51    0    0    0     0       0          0
s9-eth1:    4469      51    0    0    0     0          0         0     3321      46    0    0    0     0       0          0
s5-eth3:    3321      46    0    0    0     0          0         0     4469      51    0    0    0     0       0          0
s10-eth1:    4539      52    0    0    0     0          0         0     3347      46    0    0    0     0       0          0
s5-eth4:    3347      46    0    0    0     0          0         0     4539      52    0    0    0     0       0          0
s9-eth2:    4469      51    0    0    0     0          0         0     3118      45    0    0    0     0       0          0
s6-eth3:    3118      45    0    0    0     0          0         0     4469      51    0    0    0     0       0          0
s10-eth2:    4469      51    0    0    0     0          0         0     4495      51    0    0    0     0       0          0
s6-eth4:    4495      51    0    0    0     0          0         0     4469      51    0    0    0     0       0          0
s9-eth3:    4469      51    0    0    0     0          0         0     4469      51    0    0    0     0       0          0
s7-eth3:    4469      51    0    0    0     0          0         0     4469      51    0    0    0     0       0          0
s10-eth3:    4469      51    0    0    0     0          0         0     4565      52    0    0    0     0       0          0
s7-eth4:    4565      52    0    0    0     0          0         0     4469      51    0    0    0     0       0          0
s9-eth4:    4469      51    0    0    0     0          0         0     4539      52    0    0    0     0       0          0
s8-eth3:    4539      52    0    0    0     0          0         0     4469      51    0    0    0     0       0          0
s10-eth4:    4469      51    0    0    0     0          0         0     4565      52    0    0    0     0       0          0
s8-eth4:    4565      52    0    0    0     0          0         0     4469      51    0    0    0     0       0          0
