s1-eth3: 745408849  728106    0    0    0     0          0         0    18003     184    0    0    0     0       0          0
s2-eth3:    1368      16    0    0    0     0          0         0     4326      30    0    0    0     0       0          0
s3-eth3:    1086      13    0    0    0     0          0         0     4130      28    0    0    0     0       0          0
s4-eth3:   14763     167    0    0    0     0          0         0 745043147  727760    0    0    0     0       0          0
s5-eth1:    5282      73    0    0    0     0          0         0    17734     222    0    0    0     0       0          0
s1-eth1:   17734     222    0    0    0     0          0         0     5282      73    0    0    0     0       0          0
s6-eth1: 745318927  728075    0    0    0     0          0         0     5282      73    0    0    0     0       0          0
s1-eth2:    5282      73    0    0    0     0          0         0 745318927  728075    0    0    0     0       0          0
s5-eth2:    5478      75    0    0    0     0          0         0     5282      73    0    0    0     0       0          0
s2-eth1:    5282      73    0    0    0     0          0         0     5478      75    0    0    0     0       0          0
s6-eth2:    5282      73    0    0    0     0          0         0     5478      75    0    0    0     0       0          0
s2-eth2:    5478      75    0    0    0     0          0         0     5282      73    0    0    0     0       0          0
s7-eth1:    5282      73    0    0    0     0          0         0     5415      74    0    0    0     0       0          0
s3-eth1:    5415      74    0    0    0     0          0         0     5282      73    0    0    0     0       0          0
s8-eth1:    5282      73    0    0    0     0          0         0     5282      73    0    0    0     0       0          0
s3-eth2:    5282      73    0    0    0     0          0         0     5282      73    0    0    0     0       0          0
s7-eth2:   18861     227    0    0    0     0          0         0     5282      73    0    0    0     0       0          0
s4-eth1:    5282      73    0    0    0     0          0         0    18861     227    0    0    0     0       0          0
s8-eth2:    5282      73    0    0    0     0          0         0 745076043  727836    0    0    0     0       0          0
s4-eth2: 745076043  727836    0    0    0     0          0         0     5282      73    0    0    0     0       0          0
s9-eth1:    5282      73    0    0    0     0          0         0     3861      66    0    0    0     0       0          0
s5-eth3:    3861      66    0    0    0     0          0         0     5282      73    0    0    0     0       0          0
s10-eth1:    5282      73    0    0    0     0          0         0    17584     220    0    0    0     0       0          0
s5-eth4:   17584     220    0    0    0     0          0         0     5282      73    0    0    0     0       0          0
s9-eth2:    5282      73    0    0    0     0          0         0     3658      65    0    0    0     0       0          0
s6-eth3:    3658      65    0    0    0     0          0         0     5282      73    0    0    0     0       0          0
s10-eth2: 745242955  727999    0    0    0     0          0         0     5328      73    0    0    0     0       0          0
s6-eth4:    5328      73    0    0    0     0          0         0 745242955  727999    0    0    0     0       0          0
s9-eth3:    5282      73    0    0    0     0          0         0     5282      73    0    0    0     0       0          0
s7-eth3:    5282      73    0    0    0     0          0         0     5282      73    0    0    0     0       0          0
s10-eth3:   18959     227    0    0    0     0          0         0     5328      73    0    0    0     0       0          0
s7-eth4:    5328      73    0    0    0     0          0         0    18959     227    0    0    0     0       0          0
s9-eth4:    5282      73    0    0    0     0          0         0     5282      73    0    0    0     0       0          0
s8-eth3:    5282      73    0    0    0     0          0         0     5282      73    0    0    0     0       0          0
s10-eth4:    5282      73    0    0    0     0          0         0 745129337  727888    0    0    0     0       0          0
s8-eth4: 745129337  727888    0    0    0     0          0         0     5282      73    0    0    0     0       0          0
