s1-eth3: 4062846291 3967885    0    0    0     0          0         0    26741     282    0    0    0     0       0          0
s2-eth3:    1278      15    0    0    0     0          0         0     4326      30    0    0    0     0       0          0
s3-eth3:     996      12    0    0    0     0          0         0     4220      29    0    0    0     0       0          0
s4-eth3:   23411     264    0    0    0     0          0         0 3412597965 3332888    0    0    0     0       0          0
s5-eth1:    5309      74    0    0    0     0          0         0    27920     328    0    0    0     0       0          0
s1-eth1:   27920     328    0    0    0     0          0         0     5309      74    0    0    0     0       0          0
s6-eth1: 3473965522 3392863    0    0    0     0          0         0     5309      74    0    0    0     0       0          0
s1-eth2:    5309      74    0    0    0     0          0         0 3473965522 3392863    0    0    0     0       0          0
s5-eth2:    5505      76    0    0    0     0          0         0     3888      67    0    0    0     0       0          0
s2-eth1:    3888      67    0    0    0     0          0         0     5505      76    0    0    0     0       0          0
s6-eth2:    3888      67    0    0    0     0          0         0     5505      76    0    0    0     0       0          0
s2-eth2:    5505      76    0    0    0     0          0         0     3888      67    0    0    0     0       0          0
s7-eth1:    5309      74    0    0    0     0          0         0     3685      66    0    0    0     0       0          0
s3-eth1:    3685      66    0    0    0     0          0         0     5309      74    0    0    0     0       0          0
s8-eth1:    5379      75    0    0    0     0          0         0     5309      74    0    0    0     0       0          0
s3-eth2:    5309      74    0    0    0     0          0         0     5379      75    0    0    0     0       0          0
s7-eth2:   26303     319    0    0    0     0          0         0     5379      75    0    0    0     0       0          0
s4-eth1:    5379      75    0    0    0     0          0         0    26303     319    0    0    0     0       0          0
s8-eth2:    5309      74    0    0    0     0          0         0 3425867022 3345890    0    0    0     0       0          0
s4-eth2: 3425867022 3345890    0    0    0     0          0         0     5309      74    0    0    0     0       0          0
s9-eth1:    5309      74    0    0    0     0          0         0     3888      67    0    0    0     0       0          0
s5-eth3:    3888      67    0    0    0     0          0         0     5309      74    0    0    0     0       0          0
s10-eth1:    5309      74    0    0    0     0          0         0    27771     326    0    0    0     0       0          0
s5-eth4:   27771     326    0    0    0     0          0         0     5309      74    0    0    0     0       0          0
s9-eth2:    5309      74    0    0    0     0          0         0     5309      74    0    0    0     0       0          0
s6-eth3:    5309      74    0    0    0     0          0         0     5309      74    0    0    0     0       0          0
s10-eth2: 3458708220 3377956    0    0    0     0          0         0     5426      75    0    0    0     0       0          0
s6-eth4:    5426      75    0    0    0     0          0         0 3458708220 3377956    0    0    0     0       0          0
s9-eth3:    5379      75    0    0    0     0          0         0     5309      74    0    0    0     0       0          0
s7-eth3:    5309      74    0    0    0     0          0         0     5379      75    0    0    0     0       0          0
s10-eth3:   27794     327    0    0    0     0          0         0     5356      74    0    0    0     0       0          0
s7-eth4:    5356      74    0    0    0     0          0         0    27794     327    0    0    0     0       0          0
s9-eth4:    3888      67    0    0    0     0          0         0     5309      74    0    0    0     0       0          0
s8-eth3:    5309      74    0    0    0     0          0         0     3888      67    0    0    0     0       0          0
s10-eth4:    5239      74    0    0    0     0          0         0 3442548029 3362180    0    0    0     0       0          0
s8-eth4: 3442548029 3362180    0    0    0     0          0         0     5239      74    0    0    0     0       0          0
