s1-eth3: 4266328141 2958838    0    0    0     0          0         0    21951     227    0    0    0     0       0          0
s1-eth4:   19101     215    0    0    0     0          0         0 4127351031 2862470    0    0    0     0       0          0
s1-eth5:    1422      17    0    0    0     0          0         0     4272      29    0    0    0     0       0          0
s1-eth6:    1422      17    0    0    0     0          0         0     4272      29    0    0    0     0       0          0
s1-eth7:    1422      17    0    0    0     0          0         0     4272      29    0    0    0     0       0          0
s1-eth8:    1422      17    0    0    0     0          0         0     4272      29    0    0    0     0       0          0
s1-eth9:    1422      17    0    0    0     0          0         0     4272      29    0    0    0     0       0          0
s1-eth10:    1332      16    0    0    0     0          0         0     4272      29    0    0    0     0       0          0
s1-eth11:    1422      17    0    0    0     0          0         0     4272      29    0    0    0     0       0          0
s1-eth12:    1422      17    0    0    0     0          0         0     4182      28    0    0    0     0       0          0
s1-eth13:    1332      16    0    0    0     0          0         0     4272      29    0    0    0     0       0          0
s1-eth14:    1422      17    0    0    0     0          0         0     4272      29    0    0    0     0       0          0
s1-eth15:    1422      17    0    0    0     0          0         0     4182      28    0    0    0     0       0          0
s1-eth16:    1332      16    0    0    0     0          0         0     4182      28    0    0    0     0       0          0
s1-eth17:    1422      17    0    0    0     0          0         0     4272      29    0    0    0     0       0          0
s1-eth18:    1422      17    0    0    0     0          0         0     4272      29    0    0    0     0       0          0
s1-eth19:    1422      17    0    0    0     0          0         0     4272      29    0    0    0     0       0          0
s1-eth20:    1332      16    0    0    0     0          0         0     4272      29    0    0    0     0       0          0
s1-eth21:    1422      17    0    0    0     0          0         0     4272      29    0    0    0     0       0          0
s1-eth22:    1332      16    0    0    0     0          0         0     4272      29    0    0    0     0       0          0
s1-eth23:    1422      17    0    0    0     0          0         0     4272      29    0    0    0     0       0          0
s1-eth24:    1422      17    0    0    0     0          0         0     4272      29    0    0    0     0       0          0
s1-eth25:    1422      17    0    0    0     0          0         0     4182      28    0    0    0     0       0          0
s1-eth26:    1422      17    0    0    0     0          0         0     4272      29    0    0    0     0       0          0
s1-eth27:    1422      17    0    0    0     0          0         0     4272      29    0    0    0     0       0          0
s1-eth28:    1422      17    0    0    0     0          0         0     4272      29    0    0    0     0       0          0
s1-eth29:    1422      17    0    0    0     0          0         0     4182      28    0    0    0     0       0          0
s1-eth30:    1422      17    0    0    0     0          0         0     4272      29    0    0    0     0       0          0
s1-eth31:    1422      17    0    0    0     0          0         0     4272      29    0    0    0     0       0          0
s1-eth32:    1422      17    0    0    0     0          0         0     4272      29    0    0    0     0       0          0
s1-eth33:    1422      17    0    0    0     0          0         0     4182      28    0    0    0     0       0          0
s1-eth34:    1422      17    0    0    0     0          0         0     4182      28    0    0    0     0       0          0
s3-eth3:    1422      17    0    0    0     0          0         0     4272      29    0    0    0     0       0          0
s3-eth4:    1422      17    0    0    0     0          0         0     4272      29    0    0    0     0       0          0
s3-eth5:    1422      17    0    0    0     0          0         0     4272      29    0    0    0     0       0          0
s3-eth6:    1422      17    0    0    0     0          0         0     4272      29    0    0    0     0       0          0
s3-eth7:    1422      17    0    0    0     0          0         0     4182      28    0    0    0     0       0          0
s3-eth8:    1422      17    0    0    0     0          0         0     4202      28    0    0    0     0       0          0
s3-eth9:    1422      17    0    0    0     0          0         0     4272      29    0    0    0     0       0          0
s3-eth10:    1422      17    0    0    0     0          0         0     4182      28    0    0    0     0       0          0
s3-eth11:    1332      16    0    0    0     0          0         0     4182      28    0    0    0     0       0          0
s3-eth12:    1422      17    0    0    0     0          0         0     4182      28    0    0    0     0       0          0
s3-eth13:    1332      16    0    0    0     0          0         0     4272      29    0    0    0     0       0          0
s3-eth14:    1422      17    0    0    0     0          0         0     4182      28    0    0    0     0       0          0
s3-eth15:    1332      16    0    0    0     0          0         0     3932      25    0    2    0     0       0          0
s3-eth16:    1422      17    0    0    0     0          0         0     4272      29    0    0    0     0       0          0
s3-eth17:    1332      16    0    0    0     0          0         0     4272      29    0    0    0     0       0          0
s3-eth18:    1422      17    0    0    0     0          0         0     4182      28    0    0    0     0       0          0
s3-eth19:    1332      16    0    0    0     0          0         0     4272      29    0    0    0     0       0          0
s3-eth20:    1422      17    0    0    0     0          0         0     4182      28    0    0    0     0       0          0
s3-eth21:    1332      16    0    0    0     0          0         0     4182      28    0    0    0     0       0          0
s3-eth22:    1332      16    0    0    0     0          0         0     4182      28    0    0    0     0       0          0
s3-eth23:    1422      17    0    0    0     0          0         0     4272      29    0    0    0     0       0          0
s3-eth24:    1422      17    0    0    0     0          0         0     4272      29    0    0    0     0       0          0
s3-eth25:    1332      16    0    0    0     0          0         0     4182      28    0    0    0     0       0          0
s3-eth26:    1172      14    0    0    0     0          0         0     4272      29    0    0    0     0       0          0
s3-eth27:    1332      16    0    0    0     0          0         0     4162      28    0    0    0     0       0          0
s3-eth28:    1422      17    0    0    0     0          0         0     4272      29    0    0    0     0       0          0
s3-eth29:    1422      17    0    0    0     0          0         0     4182      28    0    0    0     0       0          0
s3-eth30:    1332      16    0    0    0     0          0         0     4182      28    0    0    0     0       0          0
s3-eth31:    1332      16    0    0    0     0          0         0     4182      28    0    0    0     0       0          0
s3-eth32:    1422      17    0    0    0     0          0         0     4182      28    0    0    0     0       0          0
s3-eth33:    1332      16    0    0    0     0          0         0     4272      29    0    0    0     0       0          0
s3-eth34:    1172      14    0    0    0     0          0         0     4162      28    0    0    0     0       0          0
s1-eth1:    4943      60    0    0    0     0          0         0     4943      60    0    0    0     0       0          0
s1-eth2:    4943      60    0    0    0     0          0         0     3522      53    0    0    0     0       0          0
s3-eth1:    4943      60    0    0    0     0          0         0     4943      60    0    0    0     0       0          0
s3-eth2:    4943      60    0    0    0     0          0         0     4943      60    0    0    0     0       0          0
