s1-eth3: 3382992752 7023802    0    0    0     0          0         0    47002     509    0    0    0     0       0          0
s2-eth3:    1262      15    0    0    0     0          0         0     4689      33    0    0    0     0       0          0
s3-eth3:    1156      14    0    0    0     0          0         0     4403      30    0    0    0     0       0          0
s4-eth3:   43469     490    0    0    0     0          0         0 2730737561 5807201    0    0    0     0       0          0
s5-eth1:    6500     110    0   81    0     0          0         0    49099     589    0    0    0     0       0          0
s1-eth1:   49099     589    0   81    0     0          0         0     6500     110    0    0    0     0       0          0
s6-eth1: 2805195903 5933443    0   81    0     0          0         0     6500     110    0    0    0     0       0          0
s1-eth2:    6500     110    0   81    0     0          0         0 2805195903 5933443    0    0    0     0       0          0
s5-eth2:    6696     112    0   81    0     0          0         0     6500     110    0    0    0     0       0          0
s2-eth1:    6500     110    0   81    0     0          0         0     6696     112    0    0    0     0       0          0
s6-eth2:    6500     110    0   81    0     0          0         0     5072     104    0    0    0     0       0          0
s2-eth2:    5072     104    0   81    0     0          0         0     6500     110    0    0    0     0       0          0
s7-eth1:    6500     110    0   81    0     0          0         0     6500     110    0    0    0     0       0          0
s3-eth1:    6500     110    0   81    0     0          0         0     6500     110    0    0    0     0       0          0
s8-eth1:    4673     101    0   81    0     0          0         0     6500     110    0    0    0     0       0          0
s3-eth2:    6500     110    0   81    0     0          0         0     4673     101    0    0    0     0       0          0
s7-eth2:   48903     587    0   81    0     0          0         0     6500     110    0    0    0     0       0          0
s4-eth1:    6500     110    0   81    0     0          0         0    48903     587    0    0    0     0       0          0
s8-eth2:    4673     101    0   81    0     0          0         0 2747920778 5837521    0    0    0     0       0          0
s4-eth2: 2747920778 5837521    0   81    0     0          0         0     4673     101    0    0    0     0       0          0
s9-eth1:    6500     110    0   81    0     0          0         0     4876     102    0    0    0     0       0          0
s5-eth3:    4876     102    0   81    0     0          0         0     6500     110    0    0    0     0       0          0
s10-eth1:    4876     102    0   81    0     0          0         0    48984     587    0    0    0     0       0          0
s5-eth4:   48984     587    0   81    0     0          0         0     4876     102    0    0    0     0       0          0
s9-eth2:    6500     110    0   81    0     0          0         0     4876     102    0    0    0     0       0          0
s6-eth3:    4876     102    0   81    0     0          0         0     6500     110    0    0    0     0       0          0
s10-eth2: 2788291338 5903486    0   81    0     0          0         0     6483     110    0    0    0     0       0          0
s6-eth4:    6483     110    0   81    0     0          0         0 2788291338 5903486    0    0    0     0       0          0
s9-eth3:    6500     110    0   81    0     0          0         0     6500     110    0    0    0     0       0          0
s7-eth3:    6500     110    0   81    0     0          0         0     6500     110    0    0    0     0       0          0
s10-eth3:   48903     587    0   81    0     0          0         0     6581     110    0    0    0     0       0          0
s7-eth4:    6581     110    0   81    0     0          0         0    48903     587    0    0    0     0       0          0
s9-eth4:    4876     102    0   81    0     0          0         0     6500     110    0    0    0     0       0          0
s8-eth3:    6500     110    0   81    0     0          0         0     4876     102    0    0    0     0       0          0
s10-eth4:    6500     110    0   81    0     0          0         0 2772027931 5875239    0    0    0     0       0          0
s8-eth4: 2772027931 5875239    0   81    0     0          0         0     6500     110    0    0    0     0       0          0
