s1-eth3: 3129040319 3055938    0    0    0     0          0         0    24333     255    0    0    0     0       0          0
s2-eth3:    1192      14    0    0    0     0          0         0     4486      32    0    0    0     0       0          0
s3-eth3:    1086      13    0    0    0     0          0         0     4130      28    0    0    0     0       0          0
s4-eth3:   21073     238    0    0    0     0          0         0 2516355159 2457621    0    0    0     0       0          0
s5-eth1:    5336      75    0   48    0     0          0         0    25539     302    0    0    0     0       0          0
s1-eth1:   25539     302    0   48    0     0          0         0     5336      75    0    0    0     0       0          0
s6-eth1: 2587163603 2526812    0   48    0     0          0         0     5336      75    0    0    0     0       0          0
s1-eth2:    5336      75    0   48    0     0          0         0 2587163603 2526812    0    0    0     0       0          0
s5-eth2:    5532      77    0   48    0     0          0         0     5336      75    0    0    0     0       0          0
s2-eth1:    5336      75    0   48    0     0          0         0     5532      77    0    0    0     0       0          0
s6-eth2:    5336      75    0   48    0     0          0         0     4111      70    0    0    0     0       0          0
s2-eth2:    4111      70    0   48    0     0          0         0     5336      75    0    0    0     0       0          0
s7-eth1:    5336      75    0   48    0     0          0         0     5336      75    0    0    0     0       0          0
s3-eth1:    5336      75    0   48    0     0          0         0     5336      75    0    0    0     0       0          0
s8-eth1:    3782      68    0   48    0     0          0         0     5336      75    0    0    0     0       0          0
s3-eth2:    5336      75    0   48    0     0          0         0     3782      68    0    0    0     0       0          0
s7-eth2:   25343     300    0   48    0     0          0         0     5336      75    0    0    0     0       0          0
s4-eth1:    5336      75    0   48    0     0          0         0    25343     300    0    0    0     0       0          0
s8-eth2:    3712      67    0   48    0     0          0         0 2532618509 2473549    0    0    0     0       0          0
s4-eth2: 2532618509 2473549    0   48    0     0          0         0     3712      67    0    0    0     0       0          0
s9-eth1:    5336      75    0   48    0     0          0         0     3915      68    0    0    0     0       0          0
s5-eth3:    3915      68    0   48    0     0          0         0     5336      75    0    0    0     0       0          0
s10-eth1:    3915      68    0   48    0     0          0         0    25461     301    0    0    0     0       0          0
s5-eth4:   25461     301    0   48    0     0          0         0     3915      68    0    0    0     0       0          0
s9-eth2:    5336      75    0   48    0     0          0         0     3915      68    0    0    0     0       0          0
s6-eth3:    3915      68    0   48    0     0          0         0     5336      75    0    0    0     0       0          0
s10-eth2: 2571177299 2511205    0   48    0     0          0         0     5286      75    0    0    0     0       0          0
s6-eth4:    5286      75    0   48    0     0          0         0 2571177299 2511205    0    0    0     0       0          0
s9-eth3:    5336      75    0   48    0     0          0         0     5336      75    0    0    0     0       0          0
s7-eth3:    5336      75    0   48    0     0          0         0     5336      75    0    0    0     0       0          0
s10-eth3:   25343     300    0   48    0     0          0         0     5384      75    0    0    0     0       0          0
s7-eth4:    5384      75    0   48    0     0          0         0    25343     300    0    0    0     0       0          0
s9-eth4:    3915      68    0   48    0     0          0         0     5336      75    0    0    0     0       0          0
s8-eth3:    5336      75    0   48    0     0          0         0     3915      68    0    0    0     0       0          0
s10-eth4:    5336      75    0   48    0     0          0         0 2555757885 2496146    0    0    0     0       0          0
s8-eth4: 2555757885 2496146    0   48    0     0          0         0     5336      75    0    0    0     0       0          0
