182176 (python) S 3096 182176 182176 0 -1 4194304 24531 0 150 0 596 21 0 0 20 0 51 0 23976806 3928424448 35524 18446744073709551615 98615197188096 98615199856641 140729964001120 0 0 0 0 16781317 16386 1 0 0 17 10 0 0 0 0 0 98615201357024 98615202197232 98616088141824 140729964003185 140729964003263 140729964003263 140729964007358 0
183168 (grpc_global_tim) S 3096 182176 182176 0 -1 4194368 3 0 0 0 0 1 0 0 20 0 51 0 23976875 3928424448 35524 18446744073709551615 98615197188096 98615199856641 140729964001120 0 0 0 0 16781317 16386 1 0 0 -1 7 0 0 0 0 0 98615201357024 98615202197232 98616088141824 140729964003185 140729964003263 140729964003263 140729964007358 0
183172 (event_engine) S 3096 182176 182176 0 -1 4194368 308 0 0 0 143 202 0 0 20 0 51 0 23976875 3928424448 35524 18446744073709551615 98615197188096 98615199856641 140729964001120 0 0 0 0 16781317 16386 1 0 0 -1 2 0 0 0 0 0 98615201357024 98615202197232 98616088141824 140729964003185 140729964003263 140729964003263 140729964007358 0
183173 (event_engine) S 3096 182176 182176 0 -1 4194368 315 0 0 0 146 202 0 0 20 0 51 0 23976875 3928424448 35524 18446744073709551615 98615197188096 98615199856641 140729964001120 0 0 0 0 16781317 16386 1 0 0 -1 3 0 0 0 0 0 98615201357024 98615202197232 98616088141824 140729964003185 140729964003263 140729964003263 140729964007358 0
183174 (event_engine) S 3096 182176 182176 0 -1 4194368 457 0 1 0 128 206 0 0 20 0 51 0 23976875 3928424448 35524 18446744073709551615 98615197188096 98615199856641 140729964001120 0 0 0 0 16781317 16386 1 0 0 -1 7 0 0 0 0 0 98615201357024 98615202197232 98616088141824 140729964003185 140729964003263 140729964003263 140729964007358 0
183175 (event_engine) S 3096 182176 182176 0 -1 4194368 429 0 12 0 137 199 0 0 20 0 51 0 23976875 3928424448 35524 18446744073709551615 98615197188096 98615199856641 140729964001120 0 0 0 0 16781317 16386 1 0 0 -1 5 0 0 0 0 0 98615201357024 98615202197232 98616088141824 140729964003185 140729964003263 140729964003263 140729964007358 0
183176 (event_engine) S 3096 182176 182176 0 -1 4194368 326 0 0 0 152 189 0 0 20 0 51 0 23976875 3928424448 35524 18446744073709551615 98615197188096 98615199856641 140729964001120 0 0 0 0 16781317 16386 1 0 0 -1 2 0 0 0 0 0 98615201357024 98615202197232 98616088141824 140729964003185 140729964003263 140729964003263 140729964007358 0
183177 (event_engine) S 3096 182176 182176 0 -1 4194368 280 0 0 0 143 196 0 0 20 0 51 0 23976875 3928424448 35524 18446744073709551615 98615197188096 98615199856641 140729964001120 0 0 0 0 16781317 16386 1 0 0 -1 9 0 0 0 0 0 98615201357024 98615202197232 98616088141824 140729964003185 140729964003263 140729964003263 140729964007358 0
183178 (event_engine) S 3096 182176 182176 0 -1 4194368 325 0 0 0 142 207 0 0 20 0 51 0 23976875 3928424448 35524 18446744073709551615 98615197188096 98615199856641 140729964001120 0 0 0 0 16781317 16386 1 0 0 -1 4 0 0 0 0 0 98615201357024 98615202197232 98616088141824 140729964003185 140729964003263 140729964003263 140729964007358 0
183179 (event_engine) S 3096 182176 182176 0 -1 4194368 423 0 0 0 142 205 0 0 20 0 51 0 23976875 3928424448 35524 18446744073709551615 98615197188096 98615199856641 140729964001120 0 0 0 0 16781317 16386 1 0 0 -1 8 0 0 0 0 0 98615201357024 98615202197232 98616088141824 140729964003185 140729964003263 140729964003263 140729964007358 0
183180 (event_engine) S 3096 182176 182176 0 -1 4194368 198 0 2 0 138 196 0 0 20 0 51 0 23976875 3928424448 35524 18446744073709551615 98615197188096 98615199856641 140729964001120 0 0 0 0 16781317 16386 1 0 0 -1 9 0 0 0 0 0 98615201357024 98615202197232 98616088141824 140729964003185 140729964003263 140729964003263 140729964007358 0
183181 (event_engine) S 3096 182176 182176 0 -1 4194368 287 0 0 0 139 197 0 0 20 0 51 0 23976875 3928424448 35524 18446744073709551615 98615197188096 98615199856641 140729964001120 0 0 0 0 16781317 16386 1 0 0 -1 7 0 0 0 0 0 98615201357024 98615202197232 98616088141824 140729964003185 140729964003263 140729964003263 140729964007358 0
183182 (event_engine) S 3096 182176 182176 0 -1 4194368 300 0 5 0 147 196 0 0 20 0 51 0 23976875 3928424448 35524 18446744073709551615 98615197188096 98615199856641 140729964001120 0 0 0 0 16781317 16386 1 0 0 -1 6 0 0 0 0 0 98615201357024 98615202197232 98616088141824 140729964003185 140729964003263 140729964003263 140729964007358 0
183183 (event_engine) S 3096 182176 182176 0 -1 4194368 277 0 0 0 139 190 0 0 20 0 51 0 23976875 3928424448 35524 18446744073709551615 98615197188096 98615199856641 140729964001120 0 0 0 0 16781317 16386 1 0 0 -1 4 0 0 0 0 0 98615201357024 98615202197232 98616088141824 140729964003185 140729964003263 140729964003263 140729964007358 0
183184 (event_engine) S 3096 182176 182176 0 -1 4194368 356 0 0 0 144 202 0 0 20 0 51 0 23976875 3928424448 35524 18446744073709551615 98615197188096 98615199856641 140729964001120 0 0 0 0 16781317 16386 1 0 0 -1 0 0 0 0 0 0 98615201357024 98615202197232 98616088141824 140729964003185 140729964003263 140729964003263 140729964007358 0
183185 (event_engine) S 3096 182176 182176 0 -1 4194368 321 0 0 0 149 194 0 0 20 0 51 0 23976875 3928424448 35524 18446744073709551615 98615197188096 98615199856641 140729964001120 0 0 0 0 16781317 16386 1 0 0 -1 7 0 0 0 0 0 98615201357024 98615202197232 98616088141824 140729964003185 140729964003263 140729964003263 140729964007358 0
183186 (lifeguard) S 3096 182176 182176 0 -1 4194368 2 0 0 0 0 0 0 0 20 0 51 0 23976875 3928424448 35524 18446744073709551615 98615197188096 98615199856641 140729964001120 0 0 0 0 16781317 16386 1 0 0 -1 6 0 0 0 0 0 98615201357024 98615202197232 98616088141824 140729964003185 140729964003263 140729964003263 140729964007358 0
183189 (python) S 3096 182176 182176 0 -1 4194368 27 0 0 0 2410 315 0 0 20 0 51 0 23976875 3928424448 35524 18446744073709551615 98615197188096 98615199856641 140729964001120 0 0 0 0 16781317 16386 1 0 0 -1 4 0 0 0 0 0 98615201357024 98615202197232 98616088141824 140729964003185 140729964003263 140729964003263 140729964007358 0
183190 (python) S 3096 182176 182176 0 -1 4194368 7 0 0 0 3 0 0 0 20 0 51 0 23976875 3928424448 35524 18446744073709551615 98615197188096 98615199856641 140729964001120 0 0 0 0 16781317 16386 1 0 0 -1 2 0 0 0 0 0 98615201357024 98615202197232 98616088141824 140729964003185 140729964003263 140729964003263 140729964007358 0
183191 (python) S 3096 182176 182176 0 -1 4194368 812 0 0 0 2387 943 0 0 20 0 51 0 23976875 3928424448 35524 18446744073709551615 98615197188096 98615199856641 140729964001120 0 0 0 0 16781317 16386 1 0 0 -1 4 0 0 0 0 0 98615201357024 98615202197232 98616088141824 140729964003185 140729964003263 140729964003263 140729964007358 0
183194 (python) S 3096 182176 182176 0 -1 4194368 41 0 0 0 2319 305 0 0 20 0 51 0 23976875 3928424448 35524 18446744073709551615 98615197188096 98615199856641 140729964001120 0 0 0 0 16781317 16386 1 0 0 -1 9 0 0 0 0 0 98615201357024 98615202197232 98616088141824 140729964003185 140729964003263 140729964003263 140729964007358 0
183195 (python) S 3096 182176 182176 0 -1 4194368 6 0 0 0 3 1 0 0 20 0 51 0 23976875 3928424448 35524 18446744073709551615 98615197188096 98615199856641 140729964001120 0 0 0 0 16781317 16386 1 0 0 -1 5 0 0 0 0 0 98615201357024 98615202197232 98616088141824 140729964003185 140729964003263 140729964003263 140729964007358 0
183197 (python) S 3096 182176 182176 0 -1 4194368 595 0 0 0 2292 950 0 0 20 0 51 0 23976875 3928424448 35524 18446744073709551615 98615197188096 98615199856641 140729964001120 0 0 0 0 16781317 16386 1 0 0 -1 11 0 0 0 0 0 98615201357024 98615202197232 98616088141824 140729964003185 140729964003263 140729964003263 140729964007358 0
183204 (python) S 3096 182176 182176 0 -1 4194368 19 0 0 0 34 4 0 0 20 0 51 0 23976876 3928424448 35524 18446744073709551615 98615197188096 98615199856641 140729964001120 0 0 0 0 16781317 16386 1 0 0 -1 11 0 0 0 0 0 98615201357024 98615202197232 98616088141824 140729964003185 140729964003263 140729964003263 140729964007358 0
183206 (python) S 3096 182176 182176 0 -1 4194368 6 0 0 0 2 1 0 0 20 0 51 0 23976876 3928424448 35524 18446744073709551615 98615197188096 98615199856641 140729964001120 0 0 0 0 16781317 16386 1 0 0 -1 5 0 0 0 0 0 98615201357024 98615202197232 98616088141824 140729964003185 140729964003263 140729964003263 140729964007358 0
183207 (python) S 3096 182176 182176 0 -1 4194368 7 0 0 0 19 6 0 0 20 0 51 0 23976876 3928424448 35524 18446744073709551615 98615197188096 98615199856641 140729964001120 0 0 0 0 16781317 16386 1 0 0 -1 8 0 0 0 0 0 98615201357024 98615202197232 98616088141824 140729964003185 140729964003263 140729964003263 140729964007358 0
183213 (python) S 3096 182176 182176 0 -1 4194368 13 0 0 0 43 4 0 0 20 0 51 0 23976876 3928424448 35524 18446744073709551615 98615197188096 98615199856641 140729964001120 0 0 0 0 16781317 16386 1 0 0 -1 11 0 0 0 0 0 98615201357024 98615202197232 98616088141824 140729964003185 140729964003263 140729964003263 140729964007358 0
183215 (python) S 3096 182176 182176 0 -1 4194368 6 0 0 0 1 2 0 0 20 0 51 0 23976876 3928424448 35524 18446744073709551615 98615197188096 98615199856641 140729964001120 0 0 0 0 16781317 16386 1 0 0 -1 2 0 0 0 0 0 98615201357024 98615202197232 98616088141824 140729964003185 140729964003263 140729964003263 140729964007358 0
183216 (python) S 3096 182176 182176 0 -1 4194368 752 0 0 0 96 9 0 0 20 0 51 0 23976876 3928424448 35524 18446744073709551615 98615197188096 98615199856641 140729964001120 0 0 0 0 16781317 16386 1 0 0 -1 4 0 0 0 0 0 98615201357024 98615202197232 98616088141824 140729964003185 140729964003263 140729964003263 140729964007358 0
183221 (python) S 3096 182176 182176 0 -1 4194368 25 0 0 0 2325 299 0 0 20 0 51 0 23976876 3928424448 35524 18446744073709551615 98615197188096 98615199856641 140729964001120 0 0 0 0 16781317 16386 1 0 0 -1 9 0 0 0 0 0 98615201357024 98615202197232 98616088141824 140729964003185 140729964003263 140729964003263 140729964007358 0
183222 (python) S 3096 182176 182176 0 -1 4194368 6 0 0 0 4 2 0 0 20 0 51 0 23976876 3928424448 35524 18446744073709551615 98615197188096 98615199856641 140729964001120 0 0 0 0 16781317 16386 1 0 0 -1 4 0 0 0 0 0 98615201357024 98615202197232 98616088141824 140729964003185 140729964003263 140729964003263 140729964007358 0
183223 (python) S 3096 182176 182176 0 -1 4194368 1684 0 0 0 2382 942 0 0 20 0 51 0 23976876 3928424448 35524 18446744073709551615 98615197188096 98615199856641 140729964001120 0 0 0 0 16781317 16386 1 0 0 -1 7 0 0 0 0 0 98615201357024 98615202197232 98616088141824 140729964003185 140729964003263 140729964003263 140729964007358 0
183227 (python) S 3096 182176 182176 0 -1 4194368 13 0 0 0 27 2 0 0 20 0 51 0 23976877 3928424448 35524 18446744073709551615 98615197188096 98615199856641 140729964001120 0 0 0 0 16781317 16386 1 0 0 -1 9 0 0 0 0 0 98615201357024 98615202197232 98616088141824 140729964003185 140729964003263 140729964003263 140729964007358 0
183229 (python) S 3096 182176 182176 0 -1 4194368 6 0 0 0 4 2 0 0 20 0 51 0 23976877 3928424448 35524 18446744073709551615 98615197188096 98615199856641 140729964001120 0 0 0 0 16781317 16386 1 0 0 -1 0 0 0 0 0 0 98615201357024 98615202197232 98616088141824 140729964003185 140729964003263 140729964003263 140729964007358 0
183230 (python) S 3096 182176 182176 0 -1 4194368 705 0 0 0 162 14 0 0 20 0 51 0 23976877 3928424448 35524 18446744073709551615 98615197188096 98615199856641 140729964001120 0 0 0 0 16781317 16386 1 0 0 -1 5 0 0 0 0 0 98615201357024 98615202197232 98616088141824 140729964003185 140729964003263 140729964003263 140729964007358 0
183234 (python) S 3096 182176 182176 0 -1 4194368 12 0 0 0 40 2 0 0 20 0 51 0 23976877 3928424448 35524 18446744073709551615 98615197188096 98615199856641 140729964001120 0 0 0 0 16781317 16386 1 0 0 -1 2 0 0 0 0 0 98615201357024 98615202197232 98616088141824 140729964003185 140729964003263 140729964003263 140729964007358 0
183235 (python) S 3096 182176 182176 0 -1 4194368 7 0 0 0 5 1 0 0 20 0 51 0 23976877 3928424448 35524 18446744073709551615 98615197188096 98615199856641 140729964001120 0 0 0 0 16781317 16386 1 0 0 -1 8 0 0 0 0 0 98615201357024 98615202197232 98616088141824 140729964003185 140729964003263 140729964003263 140729964007358 0
183236 (python) S 3096 182176 182176 0 -1 4194368 584 0 0 0 247 20 0 0 20 0 51 0 23976877 3928424448 35524 18446744073709551615 98615197188096 98615199856641 140729964001120 0 0 0 0 16781317 16386 1 0 0 -1 4 0 0 0 0 0 98615201357024 98615202197232 98616088141824 140729964003185 140729964003263 140729964003263 140729964007358 0
183240 (python) S 3096 182176 182176 0 -1 4194368 13 0 0 0 26 2 0 0 20 0 51 0 23976877 3928424448 35524 18446744073709551615 98615197188096 98615199856641 140729964001120 0 0 0 0 16781317 16386 1 0 0 -1 5 0 0 0 0 0 98615201357024 98615202197232 98616088141824 140729964003185 140729964003263 140729964003263 140729964007358 0
183241 (python) S 3096 182176 182176 0 -1 4194368 6 0 0 0 4 2 0 0 20 0 51 0 23976877 3928424448 35524 18446744073709551615 98615197188096 98615199856641 140729964001120 0 0 0 0 16781317 16386 1 0 0 -1 9 0 0 0 0 0 98615201357024 98615202197232 98616088141824 140729964003185 140729964003263 140729964003263 140729964007358 0
183242 (python) S 3096 182176 182176 0 -1 4194368 600 0 0 0 62 7 0 0 20 0 51 0 23976877 3928424448 35524 18446744073709551615 98615197188096 98615199856641 140729964001120 0 0 0 0 16781317 16386 1 0 0 -1 0 0 0 0 0 0 98615201357024 98615202197232 98616088141824 140729964003185 140729964003263 140729964003263 140729964007358 0
183246 (python) S 3096 182176 182176 0 -1 4194368 17 0 0 0 27 1 0 0 20 0 51 0 23976877 3928424448 35524 18446744073709551615 98615197188096 98615199856641 140729964001120 0 0 0 0 16781317 16386 1 0 0 -1 11 0 0 0 0 0 98615201357024 98615202197232 98616088141824 140729964003185 140729964003263 140729964003263 140729964007358 0
183247 (python) S 3096 182176 182176 0 -1 4194368 6 0 0 0 5 2 0 0 20 0 51 0 23976877 3928424448 35524 18446744073709551615 98615197188096 98615199856641 140729964001120 0 0 0 0 16781317 16386 1 0 0 -1 11 0 0 0 0 0 98615201357024 98615202197232 98616088141824 140729964003185 140729964003263 140729964003263 140729964007358 0
183248 (python) S 3096 182176 182176 0 -1 4194368 723 0 0 0 171 14 0 0 20 0 51 0 23976877 3928424448 35524 18446744073709551615 98615197188096 98615199856641 140729964001120 0 0 0 0 16781317 16386 1 0 0 -1 4 0 0 0 0 0 98615201357024 98615202197232 98616088141824 140729964003185 140729964003263 140729964003263 140729964007358 0
183253 (python) S 3096 182176 182176 0 -1 4194368 13 0 0 0 27 2 0 0 20 0 51 0 23976877 3928424448 35524 18446744073709551615 98615197188096 98615199856641 140729964001120 0 0 0 0 16781317 16386 1 0 0 -1 9 0 0 0 0 0 98615201357024 98615202197232 98616088141824 140729964003185 140729964003263 140729964003263 140729964007358 0
183254 (python) S 3096 182176 182176 0 -1 4194368 6 0 0 0 5 2 0 0 20 0 51 0 23976877 3928424448 35524 18446744073709551615 98615197188096 98615199856641 140729964001120 0 0 0 0 16781317 16386 1 0 0 -1 2 0 0 0 0 0 98615201357024 98615202197232 98616088141824 140729964003185 140729964003263 140729964003263 140729964007358 0
183255 (python) S 3096 182176 182176 0 -1 4194368 1267 0 0 0 255 18 0 0 20 0 51 0 23976877 3928424448 35524 18446744073709551615 98615197188096 98615199856641 140729964001120 0 0 0 0 16781317 16386 1 0 0 -1 0 0 0 0 0 0 98615201357024 98615202197232 98616088141824 140729964003185 140729964003263 140729964003263 140729964007358 0
184899 (python) S 3096 182176 182176 0 -1 4194368 30 0 0 0 4 0 0 0 20 0 51 0 23976987 3928424448 35524 18446744073709551615 98615197188096 98615199856641 140729964001120 0 0 0 0 16781317 16386 1 0 0 -1 11 0 0 0 0 0 98615201357024 98615202197232 98616088141824 140729964003185 140729964003263 140729964003263 140729964007358 0
184911 (python) S 3096 182176 182176 0 -1 4194368 3 0 0 0 0 0 0 0 20 0 51 0 23976988 3928424448 35524 18446744073709551615 98615197188096 98615199856641 140729964001120 0 0 0 0 16781317 16386 1 0 0 -1 4 0 0 0 0 0 98615201357024 98615202197232 98616088141824 140729964003185 140729964003263 140729964003263 140729964007358 0
184944 (python) S 3096 182176 182176 0 -1 4194368 22 0 0 0 46 7 0 0 20 0 51 0 23976990 3928424448 35524 18446744073709551615 98615197188096 98615199856641 140729964001120 0 0 0 0 16781317 16386 1 0 0 -1 2 0 0 0 0 0 98615201357024 98615202197232 98616088141824 140729964003185 140729964003263 140729964003263 140729964007358 0
193215 (python) S 3096 182176 182176 0 -1 4194368 32 0 0 0 120 3 0 0 20 0 51 0 23979306 3928424448 35524 18446744073709551615 98615197188096 98615199856641 140729964001120 0 0 0 0 16781317 16386 1 0 0 -1 11 0 0 0 0 0 98615201357024 98615202197232 98616088141824 140729964003185 140729964003263 140729964003263 140729964007358 0
