s1-eth3: 4837238365 9304199    0    0    0     0          0         0    77904     857    0    1    0     0       0          0
s2-eth3:    1418      17    0    0    0     0          0         0     4416      31    0    0    0     0       0          0
s3-eth3:    1226      15    0    0    0     0          0         0     4220      29    0    0    0     0       0          0
s4-eth3:   74800     842    0    0    0     0          0         0 3981379915 7730572    0    0    0     0       0          0
s5-eth1:    4985      62    0   35    0     0          0         0    78759     891    0    0    0     0       0          0
s1-eth1:   78759     891    0   35    0     0          0         0     4985      62    0    0    0     0       0          0
s6-eth1: 4171035166 8076558    0   35    0     0          0         0     4985      62    0    0    0     0       0          0
s1-eth2:    4985      62    0   35    0     0          0         0 4171035166 8076558    0    0    0     0       0          0
s5-eth2:    3760      57    0   35    0     0          0         0     4985      62    0    0    0     0       0          0
s2-eth1:    4985      62    0   35    0     0          0         0     3760      57    0    0    0     0       0          0
s6-eth2:    4985      62    0   35    0     0          0         0     3760      57    0    0    0     0       0          0
s2-eth2:    3760      57    0   35    0     0          0         0     4985      62    0    0    0     0       0          0
s7-eth1:    4985      62    0   35    0     0          0         0     3564      55    0    0    0     0       0          0
s3-eth1:    3564      55    0   35    0     0          0         0     4985      62    0    0    0     0       0          0
s8-eth1:    4985      62    0   35    0     0          0         0     4985      62    0    0    0     0       0          0
s3-eth2:    4985      62    0   35    0     0          0         0     4985      62    0    0    0     0       0          0
s7-eth2:   78563     889    0   35    0     0          0         0     4985      62    0    0    0     0       0          0
s4-eth1:    4985      62    0   35    0     0          0         0    78563     889    0    0    0     0       0          0
s8-eth2:    4985      62    0   35    0     0          0         0 4021787610 7804845    0    0    0     0       0          0
s4-eth2: 4021787610 7804845    0   35    0     0          0         0     4985      62    0    0    0     0       0          0
s9-eth1:    4985      62    0   35    0     0          0         0     4985      62    0    0    0     0       0          0
s5-eth3:    4985      62    0   35    0     0          0         0     4985      62    0    0    0     0       0          0
s10-eth1:    4985      62    0   35    0     0          0         0    78500     889    0    0    0     0       0          0
s5-eth4:   78500     889    0   35    0     0          0         0     4985      62    0    0    0     0       0          0
s9-eth2:    4985      62    0   35    0     0          0         0     4985      62    0    0    0     0       0          0
s6-eth3:    4985      62    0   35    0     0          0         0     4985      62    0    0    0     0       0          0
s10-eth2: 4118276570 7980081    0   35    0     0          0         0     5020      62    0    0    0     0       0          0
s6-eth4:    5020      62    0   35    0     0          0         0 4118276570 7980081    0    0    0     0       0          0
s9-eth3:    4985      62    0   35    0     0          0         0     3564      55    0    0    0     0       0          0
s7-eth3:    3564      55    0   35    0     0          0         0     4985      62    0    0    0     0       0          0
s10-eth3:   78563     889    0   35    0     0          0         0     5020      62    0    0    0     0       0          0
s7-eth4:    5020      62    0   35    0     0          0         0    78563     889    0    0    0     0       0          0
s9-eth4:    4985      62    0   35    0     0          0         0     4985      62    0    0    0     0       0          0
s8-eth3:    4985      62    0   35    0     0          0         0     4985      62    0    0    0     0       0          0
s10-eth4:    4985      62    0   35    0     0          0         0 4071596235 7893899    0    0    0     0       0          0
s8-eth4: 4071596235 7893899    0   35    0     0          0         0     4985      62    0    0    0     0       0          0
