s1-eth3: 54739589576 71663072    0    0    0     0          0         0 53041552276 35053912    0    0    0     0       0          0
s1-eth4: 53469454877 35316802    0    0    0     0          0         0 1158280894 17375540    0    0    0     0       0          0
s1-eth5:    2612      34    0    0    0     0          0         0    11421      74    0    0    0     0       0          0
s1-eth6:    2612      34    0    0    0     0          0         0    11526      75    0    0    0     0       0          0
s1-eth7:    2612      34    0    0    0     0          0         0    11421      74    0    0    0     0       0          0
s1-eth8:    2612      34    0    0    0     0          0         0    11421      74    0    0    0     0       0          0
s1-eth9:    2612      34    0    0    0     0          0         0    11421      74    0    0    0     0       0          0
s1-eth10:    2612      34    0    0    0     0          0         0    11421      74    0    0    0     0       0          0
s1-eth11:    2612      34    0    0    0     0          0         0    11421      74    0    0    0     0       0          0
s1-eth12:    2612      34    0    0    0     0          0         0    11421      74    0    0    0     0       0          0
s1-eth13:    2612      34    0    0    0     0          0         0    11421      74    0    0    0     0       0          0
s1-eth14:    2612      34    0    0    0     0          0         0    11421      74    0    0    0     0       0          0
s1-eth15:    2612      34    0    0    0     0          0         0    11421      74    0    0    0     0       0          0
s1-eth16:    2612      34    0    0    0     0          0         0    11351      73    0    0    0     0       0          0
s1-eth17:    2612      34    0    0    0     0          0         0    11421      74    0    0    0     0       0          0
s1-eth18:    2612      34    0    0    0     0          0         0    11421      74    0    0    0     0       0          0
s1-eth19:    2612      34    0    0    0     0          0         0    11421      74    0    0    0     0       0          0
s1-eth20:    2612      34    0    0    0     0          0         0    11421      74    0    0    0     0       0          0
s1-eth21:    2612      34    0    0    0     0          0         0    11526      75    0    0    0     0       0          0
s1-eth22:    2612      34    0    0    0     0          0         0    11421      74    0    0    0     0       0          0
s1-eth23:    2612      34    0    0    0     0          0         0    11421      74    0    0    0     0       0          0
s1-eth24:    2612      34    0    0    0     0          0         0    11421      74    0    0    0     0       0          0
s1-eth25:    2612      34    0    0    0     0          0         0    11421      74    0    0    0     0       0          0
s1-eth26:    2612      34    0    0    0     0          0         0    11421      74    0    0    0     0       0          0
s1-eth27:    2612      34    0    0    0     0          0         0    11421      74    0    0    0     0       0          0
s1-eth28:    2612      34    0    0    0     0          0         0    11421      74    0    0    0     0       0          0
s1-eth29:    2612      34    0    0    0     0          0         0    11421      74    0    0    0     0       0          0
s1-eth30:    2612      34    0    0    0     0          0         0    11421      74    0    0    0     0       0          0
s1-eth31:    2542      33    0    0    0     0          0         0    11421      74    0    0    0     0       0          0
s1-eth32:    2612      34    0    0    0     0          0         0    11421      74    0    0    0     0       0          0
s1-eth33:    2612      34    0    0    0     0          0         0    11421      74    0    0    0     0       0          0
s1-eth34:    2612      34    0    0    0     0          0         0    11421      74    0    0    0     0       0          0
s3-eth3: 1837319   20962    0    0    0     0          0         0 33355221914 36830420    0    0    0     0       0          0
s3-eth4:    2612      34    0    0    0     0          0         0    11421      74    0    0    0     0       0          0
s3-eth5:    2612      34    0    0    0     0          0         0    11421      74    0    0    0     0       0          0
s3-eth6:    2612      34    0    0    0     0          0         0    11421      74    0    0    0     0       0          0
s3-eth7:    2612      34    0    0    0     0          0         0    11511      75    0    0    0     0       0          0
s3-eth8:    2612      34    0    0    0     0          0         0    11421      74    0    0    0     0       0          0
s3-eth9:    2682      35    0    0    0     0          0         0    11421      74    0    0    0     0       0          0
s3-eth10:    2682      35    0    0    0     0          0         0    11421      74    0    0    0     0       0          0
s3-eth11:    2612      34    0    0    0     0          0         0    11421      74    0    0    0     0       0          0
s3-eth12:    2542      33    0    0    0     0          0         0    11421      74    0    0    0     0       0          0
s3-eth13:    2612      34    0    0    0     0          0         0    11421      74    0    0    0     0       0          0
s3-eth14:    2612      34    0    0    0     0          0         0    11421      74    0    0    0     0       0          0
s3-eth15:    2612      34    0    0    0     0          0         0    11421      74    0    0    0     0       0          0
s3-eth16:    2612      34    0    0    0     0          0         0    11421      74    0    0    0     0       0          0
s3-eth17:    2612      34    0    0    0     0          0         0    11421      74    0    0    0     0       0          0
s3-eth18:    2542      33    0    0    0     0          0         0    11421      74    0    0    0     0       0          0
s3-eth19:    2612      34    0    0    0     0          0         0    11421      74    0    0    0     0       0          0
s3-eth20:    2612      34    0    0    0     0          0         0    11421      74    0    0    0     0       0          0
s3-eth21:    2612      34    0    0    0     0          0         0    11331      73    0    0    0     0       0          0
s3-eth22:    2612      34    0    0    0     0          0         0    11421      74    0    0    0     0       0          0
s3-eth23:    2612      34    0    0    0     0          0         0    11421      74    0    0    0     0       0          0
s3-eth24:    2612      34    0    0    0     0          0         0    11421      74    0    0    0     0       0          0
s3-eth25:    2612      34    0    0    0     0          0         0    11351      73    0    0    0     0       0          0
s3-eth26:    2612      34    0    0    0     0          0         0    11421      74    0    0    0     0       0          0
s3-eth27:    2522      33    0    0    0     0          0         0    11421      74    0    0    0     0       0          0
s3-eth28:    2612      34    0    0    0     0          0         0    11421      74    0    0    0     0       0          0
s3-eth29:    2612      34    0    0    0     0          0         0    11421      74    0    0    0     0       0          0
s3-eth30:    2612      34    0    0    0     0          0         0    11421      74    0    0    0     0       0          0
s3-eth31:    2612      34    0    0    0     0          0         0    11421      74    0    0    0     0       0          0
s3-eth32:    2612      34    0    0    0     0          0         0    11421      74    0    0    0     0       0          0
s3-eth33:    2612      34    0    0    0     0          0         0    11421      74    0    0    0     0       0          0
s3-eth34:    2542      33    0    0    0     0          0         0    11421      74    0    0    0     0       0          0
s1-eth1: 2117157   31094    0    0    0     0          0         0 36340551465 39048156    0    0    0     0       0          0
s1-eth2:  284060   10175    0    0    0     0          0         0   284088   10175    0    0    0     0       0          0
s3-eth1: 33818584201 37211945    0    0    0     0          0         0  2117684   31097    0    0    0     0       0          0
s3-eth2:  283955   10174    0    0    0     0          0         0   283955   10174    0    0    0     0       0          0
