s1-eth3: 54492799421 67807150    0    0    0     0          0         0 53041524844 35053604    0    0    0     0       0          0
s1-eth4: 53469454877 35316802    0    0    0     0          0         0 1158280894 17375540    0    0    0     0       0          0
s1-eth5:    2612      34    0    0    0     0          0         0    11421      74    0    0    0     0       0          0
s1-eth6:    2612      34    0    0    0     0          0         0    11526      75    0    0    0     0       0          0
s1-eth7:    2612      34    0    0    0     0          0         0    11421      74    0    0    0     0       0          0
s1-eth8:    2612      34    0    0    0     0          0         0    11421      74    0    0    0     0       0          0
s1-eth9:    2612      34    0    0    0     0          0         0    11421      74    0    0    0     0       0          0
s1-eth10:    2612      34    0    0    0     0          0         0    11421      74    0    0    0     0       0          0
s1-eth11:    2612      34    0    0    0     0          0         0    11421      74    0    0    0     0       0          0
s1-eth12:    2612      34    0    0    0     0          0         0    11421      74    0    0    0     0       0          0
s1-eth13:    2612      34    0    0    0     0          0         0    11421      74    0    0    0     0       0          0
s1-eth14:    2612      34    0    0    0     0          0         0    11421      74    0    0    0     0       0          0
s1-eth15:    2612      34    0    0    0     0          0         0    11421      74    0    0    0     0       0          0
s1-eth16:    2612      34    0    0    0     0          0         0    11351      73    0    0    0     0       0          0
s1-eth17:    2612      34    0    0    0     0          0         0    11421      74    0    0    0     0       0          0
s1-eth18:    2612      34    0    0    0     0          0         0    11421      74    0    0    0     0       0          0
s1-eth19:    2612      34    0    0    0     0          0         0    11421      74    0    0    0     0       0          0
s1-eth20:    2612      34    0    0    0     0          0         0    11421      74    0    0    0     0       0          0
s1-eth21:    2612      34    0    0    0     0          0         0    11526      75    0    0    0     0       0          0
s1-eth22:    2612      34    0    0    0     0          0         0    11421      74    0    0    0     0       0          0
s1-eth23:    2612      34    0    0    0     0          0         0    11421      74    0    0    0     0       0          0
s1-eth24:    2612      34    0    0    0     0          0         0    11421      74    0    0    0     0       0          0
s1-eth25:    2612      34    0    0    0     0          0         0    11421      74    0    0    0     0       0          0
s1-eth26:    2612      34    0    0    0     0          0         0    11421      74    0    0    0     0       0          0
s1-eth27:    2612      34    0    0    0     0          0         0    11421      74    0    0    0     0       0          0
s1-eth28:    2612      34    0    0    0     0          0         0    11421      74    0    0    0     0       0          0
s1-eth29:    2612      34    0    0    0     0          0         0    11421      74    0    0    0     0       0          0
s1-eth30:    2612      34    0    0    0     0          0         0    11421      74    0    0    0     0       0          0
s1-eth31:    2542      33    0    0    0     0          0         0    11421      74    0    0    0     0       0          0
s1-eth32:    2542      33    0    0    0     0          0         0    11351      73    0    0    0     0       0          0
s1-eth33:    2612      34    0    0    0     0          0         0    11421      74    0    0    0     0       0          0
s1-eth34:    2612      34    0    0    0     0          0         0    11421      74    0    0    0     0       0          0
s3-eth3: 1809887   20654    0    0    0     0          0         0 33160968591 33795386    0    0    0     0       0          0
s3-eth4:    2612      34    0    0    0     0          0         0    11421      74    0    0    0     0       0          0
s3-eth5:    2612      34    0    0    0     0          0         0    11421      74    0    0    0     0       0          0
s3-eth6:    2612      34    0    0    0     0          0         0    11421      74    0    0    0     0       0          0
s3-eth7:    2612      34    0    0    0     0          0         0    11511      75    0    0    0     0       0          0
s3-eth8:    2612      34    0    0    0     0          0         0    11421      74    0    0    0     0       0          0
s3-eth9:    2682      35    0    0    0     0          0         0    11421      74    0    0    0     0       0          0
s3-eth10:    2682      35    0    0    0     0          0         0    11421      74    0    0    0     0       0          0
s3-eth11:    2612      34    0    0    0     0          0         0    11421      74    0    0    0     0       0          0
s3-eth12:    2542      33    0    0    0     0          0         0    11421      74    0    0    0     0       0          0
s3-eth13:    2612      34    0    0    0     0          0         0    11421      74    0    0    0     0       0          0
s3-eth14:    2612      34    0    0    0     0          0         0    11421      74    0    0    0     0       0          0
s3-eth15:    2612      34    0    0    0     0          0         0    11421      74    0    0    0     0       0          0
s3-eth16:    2612      34    0    0    0     0          0         0    11421      74    0    0    0     0       0          0
s3-eth17:    2612      34    0    0    0     0          0         0    11421      74    0    0    0     0       0          0
s3-eth18:    2542      33    0    0    0     0          0         0    11421      74    0    0    0     0       0          0
s3-eth19:    2612      34    0    0    0     0          0         0    11421      74    0    0    0     0       0          0
s3-eth20:    2612      34    0    0    0     0          0         0    11421      74    0    0    0     0       0          0
s3-eth21:    2612      34    0    0    0     0          0         0    11331      73    0    0    0     0       0          0
s3-eth22:    2612      34    0    0    0     0          0         0    11421      74    0    0    0     0       0          0
s3-eth23:    2612      34    0    0    0     0          0         0    11421      74    0    0    0     0       0          0
s3-eth24:    2612      34    0    0    0     0          0         0    11421      74    0    0    0     0       0          0
s3-eth25:    2612      34    0    0    0     0          0         0    11351      73    0    0    0     0       0          0
s3-eth26:    2612      34    0    0    0     0          0         0    11421      74    0    0    0     0       0          0
s3-eth27:    2522      33    0    0    0     0          0         0    11421      74    0    0    0     0       0          0
s3-eth28:    2612      34    0    0    0     0          0         0    11421      74    0    0    0     0       0          0
s3-eth29:    2612      34    0    0    0     0          0         0    11421      74    0    0    0     0       0          0
s3-eth30:    2612      34    0    0    0     0          0         0    11421      74    0    0    0     0       0          0
s3-eth31:    2612      34    0    0    0     0          0         0    11421      74    0    0    0     0       0          0
s3-eth32:    2612      34    0    0    0     0          0         0    11421      74    0    0    0     0       0          0
s3-eth33:    2612      34    0    0    0     0          0         0    11421      74    0    0    0     0       0          0
s3-eth34:    2542      33    0    0    0     0          0         0    11421      74    0    0    0     0       0          0
s1-eth1: 2088645   30746    0    0    0     0          0         0 36144495206 35984928    0    0    0     0       0          0
s1-eth2:  282980   10135    0    0    0     0          0         0   283008   10135    0    0    0     0       0          0
s3-eth1: 33623709062 34167172    0    0    0     0          0         0  2089172   30749    0    0    0     0       0          0
s3-eth2:  282875   10134    0    0    0     0          0         0   282875   10134    0    0    0     0       0          0
