s1-eth3: 4193904388 4095906    0    0    0     0          0         0    29512     312    0    0    0     0       0          0
s2-eth3:    1262      15    0    0    0     0          0         0     4689      33    0    0    0     0       0          0
s3-eth3:    1066      13    0    0    0     0          0         0     4403      30    0    0    0     0       0          0
s4-eth3:   25979     293    0    0    0     0          0         0 3561055827 3477899    0    0    0     0       0          0
s5-eth1:    5798      84    0    0    0     0          0         0    29283     358    0    0    0     0       0          0
s1-eth1:   29283     358    0    0    0     0          0         0     5798      84    0    0    0     0       0          0
s6-eth1: 3606283896 3522116    0    0    0     0          0         0     5798      84    0    0    0     0       0          0
s1-eth2:    5798      84    0    0    0     0          0         0 3606283896 3522116    0    0    0     0       0          0
s5-eth2:    5924      85    0    0    0     0          0         0     5798      84    0    0    0     0       0          0
s2-eth1:    5798      84    0    0    0     0          0         0     5924      85    0    0    0     0       0          0
s6-eth2:    5798      84    0    0    0     0          0         0     5896      86    0    0    0     0       0          0
s2-eth2:    5896      86    0    0    0     0          0         0     5798      84    0    0    0     0       0          0
s7-eth1:    5798      84    0    0    0     0          0         0     3971      75    0    0    0     0       0          0
s3-eth1:    3971      75    0    0    0     0          0         0     5798      84    0    0    0     0       0          0
s8-eth1:    5798      84    0    0    0     0          0         0     5700      84    0    0    0     0       0          0
s3-eth2:    5700      84    0    0    0     0          0         0     5798      84    0    0    0     0       0          0
s7-eth2:   29087     356    0    0    0     0          0         0     5798      84    0    0    0     0       0          0
s4-eth1:    5798      84    0    0    0     0          0         0    29087     356    0    0    0     0       0          0
s8-eth2:    5798      84    0    0    0     0          0         0 3573488052 3490087    0    0    0     0       0          0
s4-eth2: 3573488052 3490087    0    0    0     0          0         0     5798      84    0    0    0     0       0          0
s9-eth1:    5798      84    0    0    0     0          0         0     5798      84    0    0    0     0       0          0
s5-eth3:    5798      84    0    0    0     0          0         0     5798      84    0    0    0     0       0          0
s10-eth1:    5798      84    0    0    0     0          0         0    30696     363    0    0    0     0       0          0
s5-eth4:   30696     363    0    0    0     0          0         0     5798      84    0    0    0     0       0          0
s9-eth2:    5798      84    0    0    0     0          0         0     3971      75    0    0    0     0       0          0
s6-eth3:    3971      75    0    0    0     0          0         0     5798      84    0    0    0     0       0          0
s10-eth2: 3595754729 3511831    0    0    0     0          0         0     5853      84    0    0    0     0       0          0
s6-eth4:    5853      84    0    0    0     0          0         0 3595754729 3511831    0    0    0     0       0          0
s9-eth3:    5798      84    0    0    0     0          0         0     5798      84    0    0    0     0       0          0
s7-eth3:    5798      84    0    0    0     0          0         0     5798      84    0    0    0     0       0          0
s10-eth3:   28884     355    0    0    0     0          0         0     5853      84    0    0    0     0       0          0
s7-eth4:    5853      84    0    0    0     0          0         0    28884     355    0    0    0     0       0          0
s9-eth4:    5798      84    0    0    0     0          0         0     5798      84    0    0    0     0       0          0
s8-eth3:    5798      84    0    0    0     0          0         0     5798      84    0    0    0     0       0          0
s10-eth4:    5798      84    0    0    0     0          0         0 3586683080 3502980    0    0    0     0       0          0
s8-eth4: 3586683080 3502980    0    0    0     0          0         0     5798      84    0    0    0     0       0          0
