s1-eth3: 4447856286 8063762    0    0    0     0          0         0    51911     564    0    0    0     0       0          0
s2-eth3:    1262      15    0    0    0     0          0         0     4689      33    0    0    0     0       0          0
s3-eth3:    1066      13    0    0    0     0          0         0     4403      30    0    0    0     0       0          0
s4-eth3:   48448     546    0    0    0     0          0         0 3772577011 6782775    0    0    0     0       0          0
s5-eth1:    6689     117    0    0    0     0          0         0    52573     643    0    0    0     0       0          0
s1-eth1:   52573     643    0    0    0     0          0         0     6689     117    0    0    0     0       0          0
s6-eth1: 3819886797 6859538    0    0    0     0          0         0     6689     117    0    0    0     0       0          0
s1-eth2:    6689     117    0    0    0     0          0         0 3819886797 6859538    0    0    0     0       0          0
s5-eth2:    6885     119    0    0    0     0          0         0     6689     117    0    0    0     0       0          0
s2-eth1:    6689     117    0    0    0     0          0         0     6885     119    0    0    0     0       0          0
s6-eth2:    6689     117    0    0    0     0          0         0     6787     119    0    0    0     0       0          0
s2-eth2:    6787     119    0    0    0     0          0         0     6689     117    0    0    0     0       0          0
s7-eth1:    6689     117    0    0    0     0          0         0     4862     108    0    0    0     0       0          0
s3-eth1:    4862     108    0    0    0     0          0         0     6689     117    0    0    0     0       0          0
s8-eth1:    6689     117    0    0    0     0          0         0     6591     117    0    0    0     0       0          0
s3-eth2:    6591     117    0    0    0     0          0         0     6689     117    0    0    0     0       0          0
s7-eth2:   52377     641    0    0    0     0          0         0     6689     117    0    0    0     0       0          0
s4-eth1:    6689     117    0    0    0     0          0         0    52377     641    0    0    0     0       0          0
s8-eth2:    6689     117    0    0    0     0          0         0 3785488521 6802471    0    0    0     0       0          0
s4-eth2: 3785488521 6802471    0    0    0     0          0         0     6689     117    0    0    0     0       0          0
s9-eth1:    6689     117    0    0    0     0          0         0     6689     117    0    0    0     0       0          0
s5-eth3:    6689     117    0    0    0     0          0         0     6689     117    0    0    0     0       0          0
s10-eth1:    6689     117    0    0    0     0          0         0    54089     649    0    0    0     0       0          0
s5-eth4:   54089     649    0    0    0     0          0         0     6689     117    0    0    0     0       0          0
s9-eth2:    6689     117    0    0    0     0          0         0     4862     108    0    0    0     0       0          0
s6-eth3:    4862     108    0    0    0     0          0         0     6689     117    0    0    0     0       0          0
s10-eth2: 3808878142 6841761    0    0    0     0          0         0     6777     117    0    0    0     0       0          0
s6-eth4:    6777     117    0    0    0     0          0         0 3808878142 6841761    0    0    0     0       0          0
s9-eth3:    6689     117    0    0    0     0          0         0     6689     117    0    0    0     0       0          0
s7-eth3:    6689     117    0    0    0     0          0         0     6689     117    0    0    0     0       0          0
s10-eth3:   52174     640    0    0    0     0          0         0     6777     117    0    0    0     0       0          0
s7-eth4:    6777     117    0    0    0     0          0         0    52174     640    0    0    0     0       0          0
s9-eth4:    6689     117    0    0    0     0          0         0     6689     117    0    0    0     0       0          0
s8-eth3:    6689     117    0    0    0     0          0         0     6689     117    0    0    0     0       0          0
s10-eth4:    6689     117    0    0    0     0          0         0 3799347326 6825735    0    0    0     0       0          0
s8-eth4: 3799347326 6825735    0    0    0     0          0         0     6689     117    0    0    0     0       0          0
