s1-eth3: 47626358618 33038422    0    0    0     0          0         0   910771   10439    0    0    0     0       0          0
s1-eth4:    2582      31    0    0    0     0          0         0    35254     571    0    0    0     0       0          0
s1-eth5:    2316      28    0    0    0     0          0         0    34988     568    0    0    0     0       0          0
s1-eth6:    2316      28    0    0    0     0          0         0    34988     568    0    0    0     0       0          0
s1-eth7:    2386      29    0    0    0     0          0         0    35058     569    0    0    0     0       0          0
s1-eth8:    2316      28    0    0    0     0          0         0    34988     568    0    0    0     0       0          0
s1-eth9:    2316      28    0    0    0     0          0         0    35058     569    0    0    0     0       0          0
s1-eth10:    2316      28    0    0    0     0          0         0    35058     569    0    0    0     0       0          0
s1-eth11:    2386      29    0    0    0     0          0         0    35058     569    0    0    0     0       0          0
s1-eth12:    2316      28    0    0    0     0          0         0    35128     570    0    0    0     0       0          0
s1-eth13:    2316      28    0    0    0     0          0         0    35058     569    0    0    0     0       0          0
s1-eth14:    2316      28    0    0    0     0          0         0    35058     569    0    0    0     0       0          0
s1-eth15:    2386      29    0    0    0     0          0         0    35058     569    0    0    0     0       0          0
s1-eth16:    2316      28    0    0    0     0          0         0    35058     569    0    0    0     0       0          0
s1-eth17:    2386      29    0    0    0     0          0         0    35058     569    0    0    0     0       0          0
s1-eth18:    2316      28    0    0    0     0          0         0    34988     568    0    0    0     0       0          0
s1-eth19:    2316      28    0    0    0     0          0         0    35118     570    0    0    0     0       0          0
s1-eth20:    2386      29    0    0    0     0          0         0    35238     571    0    0    0     0       0          0
s1-eth21:    2316      28    0    0    0     0          0         0    35058     569    0    0    0     0       0          0
s1-eth22:    2316      28    0    0    0     0          0         0    35058     569    0    0    0     0       0          0
s1-eth23:    2386      29    0    0    0     0          0         0    35098     569    0    0    0     0       0          0
s1-eth24:    2316      28    0    0    0     0          0         0    34988     568    0    0    0     0       0          0
s1-eth25:    2316      28    0    0    0     0          0         0    35058     569    0    0    0     0       0          0
s1-eth26:    2246      27    0    0    0     0          0         0    35058     569    0    0    0     0       0          0
s1-eth27:    2316      28    0    0    0     0          0         0    35168     570    0    0    0     0       0          0
s1-eth28:    2246      27    0    0    0     0          0         0    35058     569    0    0    0     0       0          0
s1-eth29:    2246      27    0    0    0     0          0         0    35058     569    0    0    0     0       0          0
s1-eth30:    2316      28    0    0    0     0          0         0    35128     570    0    0    0     0       0          0
s1-eth31:    2316      28    0    0    0     0          0         0    35058     569    0    0    0     0       0          0
s1-eth32:    2316      28    0    0    0     0          0         0    35058     569    0    0    0     0       0          0
s1-eth33:    2386      29    0    0    0     0          0         0    35058     569    0    0    0     0       0          0
s1-eth34:    2246      27    0    0    0     0          0         0    35058     569    0    0    0     0       0          0
s2-eth3:    2610      31    0    0    0     0          0         0    35282     571    0    0    0     0       0          0
s2-eth4:    2246      27    0    0    0     0          0         0    35058     569    0    0    0     0       0          0
s2-eth5:    2316      28    0    0    0     0          0         0    35128     570    0    0    0     0       0          0
s2-eth6:    2316      28    0    0    0     0          0         0    35168     570    0    0    0     0       0          0
s2-eth7:    2386      29    0    0    0     0          0         0    35168     570    0    0    0     0       0          0
s2-eth8:    2316      28    0    0    0     0          0         0    35108     569    0    0    0     0       0          0
s2-eth9:    2316      28    0    0    0     0          0         0    34988     568    0    0    0     0       0          0
s2-eth10:    2316      28    0    0    0     0          0         0    35068     569    0    0    0     0       0          0
s2-eth11:    2316      28    0    0    0     0          0         0    35058     569    0    0    0     0       0          0
s2-eth12:    2316      28    0    0    0     0          0         0    35238     571    0    0    0     0       0          0
s2-eth13:    2386      29    0    0    0     0          0         0    35168     570    0    0    0     0       0          0
s2-eth14:    2316      28    0    0    0     0          0         0    35168     570    0    0    0     0       0          0
s2-eth15:    2316      28    0    0    0     0          0         0    35238     571    0    0    0     0       0          0
s2-eth16:    2386      29    0    0    0     0          0         0    35168     570    0    0    0     0       0          0
s2-eth17:    2316      28    0    0    0     0          0         0    35168     570    0    0    0     0       0          0
s2-eth18:    2316      28    0    0    0     0          0         0    35038     568    0    0    0     0       0          0
s2-eth19:    2246      27    0    0    0     0          0         0    35168     570    0    0    0     0       0          0
s2-eth20:    2316      28    0    0    0     0          0         0    35058     569    0    0    0     0       0          0
s2-eth21:    2246      27    0    0    0     0          0         0    35058     569    0    0    0     0       0          0
s2-eth22:    2386      29    0    0    0     0          0         0    35058     569    0    0    0     0       0          0
s2-eth23:    2316      28    0    0    0     0          0         0    35108     569    0    0    0     0       0          0
s2-eth24:    2316      28    0    0    0     0          0         0    35108     569    0    0    0     0       0          0
s2-eth25:    2316      28    0    0    0     0          0         0    34998     568    0    0    0     0       0          0
s2-eth26:    2386      29    0    0    0     0          0         0    35168     570    0    0    0     0       0          0
s2-eth27:    2246      27    0    0    0     0          0         0    35108     569    0    0    0     0       0          0
s2-eth28:    2316      28    0    0    0     0          0         0    35238     571    0    0    0     0       0          0
s2-eth29:    2246      27    0    0    0     0          0         0    35168     570    0    0    0     0       0          0
s2-eth30:    2316      28    0    0    0     0          0         0    35168     570    0    0    0     0       0          0
s2-eth31:    2246      27    0    0    0     0          0         0    35238     571    0    0    0     0       0          0
s2-eth32:    2316      28    0    0    0     0          0         0    35128     570    0    0    0     0       0          0
s2-eth33:    2316      28    0    0    0     0          0         0    35238     571    0    0    0     0       0          0
s2-eth34:    2316      28    0    0    0     0          0         0    35168     570    0    0    0     0       0          0
s3-eth3:  877469    9892    0    0    0     0          0         0 47626390990 33038959    0    0    0     0       0          0
s3-eth4:    2246      27    0    0    0     0          0         0    35108     569    0    0    0     0       0          0
s3-eth5:    2246      27    0    0    0     0          0         0    35108     569    0    0    0     0       0          0
s3-eth6:    2246      27    0    0    0     0          0         0    35108     569    0    0    0     0       0          0
s3-eth7:    2246      27    0    0    0     0          0         0    34998     568    0    0    0     0       0          0
s3-eth8:    2246      27    0    0    0     0          0         0    35108     569    0    0    0     0       0          0
s3-eth9:    2246      27    0    0    0     0          0         0    35108     569    0    0    0     0       0          0
s3-eth10:    2316      28    0    0    0     0          0         0    35108     569    0    0    0     0       0          0
s3-eth11:    2246      27    0    0    0     0          0         0    35108     569    0    0    0     0       0          0
s3-eth12:    2246      27    0    0    0     0          0         0    35178     570    0    0    0     0       0          0
s3-eth13:    2246      27    0    0    0     0          0         0    35108     569    0    0    0     0       0          0
s3-eth14:    2246      27    0    0    0     0          0         0    35108     569    0    0    0     0       0          0
s3-eth15:    2316      28    0    0    0     0          0         0    35218     570    0    0    0     0       0          0
s3-eth16:    2246      27    0    0    0     0          0         0    35288     571    0    0    0     0       0          0
s3-eth17:    2246      27    0    0    0     0          0         0    35218     570    0    0    0     0       0          0
s3-eth18:    2246      27    0    0    0     0          0         0    35218     570    0    0    0     0       0          0
s3-eth19:    2246      27    0    0    0     0          0         0    35218     570    0    0    0     0       0          0
s3-eth20:    2246      27    0    0    0     0          0         0    35288     571    0    0    0     0       0          0
s3-eth21:    2316      28    0    0    0     0          0         0    35218     570    0    0    0     0       0          0
s3-eth22:    2246      27    0    0    0     0          0         0    35218     570    0    0    0     0       0          0
s3-eth23:    2316      28    0    0    0     0          0         0    35218     570    0    0    0     0       0          0
s3-eth24:    2246      27    0    0    0     0          0         0    35218     570    0    0    0     0       0          0
s3-eth25:    2316      28    0    0    0     0          0         0    35288     571    0    0    0     0       0          0
s3-eth26:    2316      28    0    0    0     0          0         0    35218     570    0    0    0     0       0          0
s3-eth27:    2316      28    0    0    0     0          0         0    35218     570    0    0    0     0       0          0
s3-eth28:    2246      27    0    0    0     0          0         0    35288     571    0    0    0     0       0          0
s3-eth29:    2246      27    0    0    0     0          0         0    35218     570    0    0    0     0       0          0
s3-eth30:    2316      28    0    0    0     0          0         0    35288     571    0    0    0     0       0          0
s3-eth31:    2246      27    0    0    0     0          0         0    35218     570    0    0    0     0       0          0
s3-eth32:    2316      28    0    0    0     0          0         0    35218     570    0    0    0     0       0          0
s3-eth33:    2246      27    0    0    0     0          0         0    35288     571    0    0    0     0       0          0
s3-eth34:    2246      27    0    0    0     0          0         0    35218     570    0    0    0     0       0          0
s4-eth3:    2316      28    0    0    0     0          0         0    35348     572    0    0    0     0       0          0
s4-eth4:    2246      27    0    0    0     0          0         0    35278     571    0    0    0     0       0          0
s4-eth5:    2246      27    0    0    0     0          0         0    35278     571    0    0    0     0       0          0
s4-eth6:    2246      27    0    0    0     0          0         0    35278     571    0    0    0     0       0          0
s4-eth7:    2246      27    0    0    0     0          0         0    35278     571    0    0    0     0       0          0
s4-eth8:    2246      27    0    0    0     0          0         0    35278     571    0    0    0     0       0          0
s4-eth9:    2246      27    0    0    0     0          0         0    35278     571    0    0    0     0       0          0
s4-eth10:    2316      28    0    0    0     0          0         0    35278     571    0    0    0     0       0          0
s4-eth11:    2316      28    0    0    0     0          0         0    35278     571    0    0    0     0       0          0
s4-eth12:    2316      28    0    0    0     0          0         0    35278     571    0    0    0     0       0          0
s4-eth13:    2246      27    0    0    0     0          0         0    35348     572    0    0    0     0       0          0
s4-eth14:    2246      27    0    0    0     0          0         0    35348     572    0    0    0     0       0          0
s4-eth15:    2246      27    0    0    0     0          0         0    35348     572    0    0    0     0       0          0
s4-eth16:    2316      28    0    0    0     0          0         0    35278     571    0    0    0     0       0          0
s4-eth17:    2316      28    0    0    0     0          0         0    35348     572    0    0    0     0       0          0
s4-eth18:    2316      28    0    0    0     0          0         0    35348     572    0    0    0     0       0          0
s4-eth19:    2316      28    0    0    0     0          0         0    35348     572    0    0    0     0       0          0
s4-eth20:    2246      27    0    0    0     0          0         0    35278     571    0    0    0     0       0          0
s4-eth21:    2246      27    0    0    0     0          0         0    35278     571    0    0    0     0       0          0
s4-eth22:    2246      27    0    0    0     0          0         0    35348     572    0    0    0     0       0          0
s4-eth23:    2246      27    0    0    0     0          0         0    35348     572    0    0    0     0       0          0
s4-eth24:    2246      27    0    0    0     0          0         0    35278     571    0    0    0     0       0          0
s4-eth25:    2246      27    0    0    0     0          0         0    35278     571    0    0    0     0       0          0
s4-eth26:    2246      27    0    0    0     0          0         0    35278     571    0    0    0     0       0          0
s4-eth27:    2246      27    0    0    0     0          0         0    35348     572    0    0    0     0       0          0
s4-eth28:    2246      27    0    0    0     0          0         0    35278     571    0    0    0     0       0          0
s4-eth29:    2246      27    0    0    0     0          0         0    35348     572    0    0    0     0       0          0
s4-eth30:    2246      27    0    0    0     0          0         0    35278     571    0    0    0     0       0          0
s4-eth31:    2246      27    0    0    0     0          0         0    35278     571    0    0    0     0       0          0
s4-eth32:    2246      27    0    0    0     0          0         0    35278     571    0    0    0     0       0          0
s4-eth33:    2246      27    0    0    0     0          0         0    35348     572    0    0    0     0       0          0
s4-eth34:    2246      27    0    0    0     0          0         0    35278     571    0    0    0     0       0          0
s5-eth1:   38632     588    0    0    0     0          0         0   914174   10456    0    0    0     0       0          0
s1-eth1:  914174   10456    0    0    0     0          0         0    38632     588    0    0    0     0       0          0
s6-eth1: 47626391164 33038961    0    0    0     0          0         0    38562     587    0    0    0     0       0          0
s1-eth2:   38562     587    0    0    0     0          0         0 47626391164 33038961    0    0    0     0       0          0
s5-eth2:   39218     593    0    0    0     0          0         0    35201     569    0    0    0     0       0          0
s2-eth1:   35201     569    0    0    0     0          0         0    39218     593    0    0    0     0       0          0
s6-eth2:   35128     570    0    0    0     0          0         0    35422     573    0    0    0     0       0          0
s2-eth2:   35422     573    0    0    0     0          0         0    35128     570    0    0    0     0       0          0
s7-eth1:   38775     588    0    0    0     0          0         0 47626394577 33038977    0    0    0     0       0          0
s3-eth1: 47626394577 33038977    0    0    0     0          0         0    38775     588    0    0    0     0       0          0
s8-eth1:  910494   10435    0    0    0     0          0         0    38835     589    0    0    0     0       0          0
s3-eth2:   38835     589    0    0    0     0          0         0   910494   10435    0    0    0     0       0          0
s7-eth2:   38765     588    0    0    0     0          0         0    35331     571    0    0    0     0       0          0
s4-eth1:   35331     571    0    0    0     0          0         0    38765     588    0    0    0     0       0          0
s8-eth2:   35261     570    0    0    0     0          0         0    35331     571    0    0    0     0       0          0
s4-eth2:   35331     571    0    0    0     0          0         0    35261     570    0    0    0     0       0          0
s9-eth1:   35201     569    0    0    0     0          0         0    38765     588    0    0    0     0       0          0
s5-eth3:   38765     588    0    0    0     0          0         0    35201     569    0    0    0     0       0          0
s10-eth1:   35201     569    0    0    0     0          0         0   913988   10453    0    0    0     0       0          0
s5-eth4:  913988   10453    0    0    0     0          0         0    35201     569    0    0    0     0       0          0
s9-eth2: 47626391143 33038960    0    0    0     0          0         0    35261     570    0    0    0     0       0          0
s6-eth3:   35261     570    0    0    0     0          0         0 47626391143 33038960    0    0    0     0       0          0
s10-eth2:   35261     570    0    0    0     0          0         0    35261     570    0    0    0     0       0          0
s6-eth4:   35261     570    0    0    0     0          0         0    35261     570    0    0    0     0       0          0
s9-eth3:   35261     570    0    0    0     0          0         0 47626391073 33038959    0    0    0     0       0          0
s7-eth3: 47626391073 33038959    0    0    0     0          0         0    35261     570    0    0    0     0       0          0
s10-eth3:   35331     571    0    0    0     0          0         0    35261     570    0    0    0     0       0          0
s7-eth4:   35261     570    0    0    0     0          0         0    35331     571    0    0    0     0       0          0
s9-eth4:   35261     570    0    0    0     0          0         0    35261     570    0    0    0     0       0          0
s8-eth3:   35261     570    0    0    0     0          0         0    35261     570    0    0    0     0       0          0
s10-eth4:  910484   10435    0    0    0     0          0         0    35331     571    0    0    0     0       0          0
s8-eth4:   35331     571    0    0    0     0          0         0   910484   10435    0    0    0     0       0          0
