s1-eth3: 3009400421 2087574    0    0    0     0          0         0    56665     614    0    0    0     0       0          0
s1-eth4:    1898      23    0    0    0     0          0         0     5548      39    0    0    0     0       0          0
s1-eth5:    1702      21    0    0    0     0          0         0     5352      37    0    0    0     0       0          0
s1-eth6:    1702      21    0    0    0     0          0         0     5457      38    0    0    0     0       0          0
s1-eth7:    1702      21    0    0    0     0          0         0     5352      37    0    0    0     0       0          0
s1-eth8:    1702      21    0    0    0     0          0         0     5352      37    0    0    0     0       0          0
s1-eth9:    1702      21    0    0    0     0          0         0     5352      37    0    0    0     0       0          0
s1-eth10:    1702      21    0    0    0     0          0         0     5352      37    0    0    0     0       0          0
s1-eth11:    1702      21    0    0    0     0          0         0     5352      37    0    0    0     0       0          0
s1-eth12:    1702      21    0    0    0     0          0         0     5352      37    0    0    0     0       0          0
s1-eth13:    1702      21    0    0    0     0          0         0     5352      37    0    0    0     0       0          0
s1-eth14:    1702      21    0    0    0     0          0         0     5352      37    0    0    0     0       0          0
s1-eth15:    1702      21    0    0    0     0          0         0     5352      37    0    0    0     0       0          0
s1-eth16:    1702      21    0    0    0     0          0         0     5352      37    0    0    0     0       0          0
s1-eth17:    1702      21    0    0    0     0          0         0     5352      37    0    0    0     0       0          0
s1-eth18:    1702      21    0    0    0     0          0         0     5352      37    0    0    0     0       0          0
s1-eth19:    1702      21    0    0    0     0          0         0     5352      37    0    0    0     0       0          0
s1-eth20:    1702      21    0    0    0     0          0         0     5352      37    0    0    0     0       0          0
s1-eth21:    1702      21    0    0    0     0          0         0     5457      38    0    0    0     0       0          0
s1-eth22:    1702      21    0    0    0     0          0         0     5352      37    0    0    0     0       0          0
s1-eth23:    1702      21    0    0    0     0          0         0     5352      37    0    0    0     0       0          0
s1-eth24:    1702      21    0    0    0     0          0         0     5352      37    0    0    0     0       0          0
s1-eth25:    1702      21    0    0    0     0          0         0     5352      37    0    0    0     0       0          0
s1-eth26:    1702      21    0    0    0     0          0         0     5352      37    0    0    0     0       0          0
s1-eth27:    1702      21    0    0    0     0          0         0     5352      37    0    0    0     0       0          0
s1-eth28:    1702      21    0    0    0     0          0         0     5352      37    0    0    0     0       0          0
s1-eth29:    1702      21    0    0    0     0          0         0     5352      37    0    0    0     0       0          0
s1-eth30:    1702      21    0    0    0     0          0         0     5352      37    0    0    0     0       0          0
s1-eth31:    1702      21    0    0    0     0          0         0     5352      37    0    0    0     0       0          0
s1-eth32:    1702      21    0    0    0     0          0         0     5352      37    0    0    0     0       0          0
s1-eth33:    1702      21    0    0    0     0          0         0     5352      37    0    0    0     0       0          0
s1-eth34:    1702      21    0    0    0     0          0         0     5352      37    0    0    0     0       0          0
s3-eth3:   52819     596    0    0    0     0          0         0 2916269421 2023001    0    0    0     0       0          0
s3-eth4:    1702      21    0    0    0     0          0         0     5352      37    0    0    0     0       0          0
s3-eth5:    1702      21    0    0    0     0          0         0     5352      37    0    0    0     0       0          0
s3-eth6:    1702      21    0    0    0     0          0         0     5352      37    0    0    0     0       0          0
s3-eth7:    1702      21    0    0    0     0          0         0     5352      37    0    0    0     0       0          0
s3-eth8:    1702      21    0    0    0     0          0         0     5352      37    0    0    0     0       0          0
s3-eth9:    1702      21    0    0    0     0          0         0     5352      37    0    0    0     0       0          0
s3-eth10:    1702      21    0    0    0     0          0         0     5352      37    0    0    0     0       0          0
s3-eth11:    1702      21    0    0    0     0          0         0     5352      37    0    0    0     0       0          0
s3-eth12:    1702      21    0    0    0     0          0         0     5352      37    0    0    0     0       0          0
s3-eth13:    1702      21    0    0    0     0          0         0     5352      37    0    0    0     0       0          0
s3-eth14:    1702      21    0    0    0     0          0         0     5352      37    0    0    0     0       0          0
s3-eth15:    1702      21    0    0    0     0          0         0     5352      37    0    0    0     0       0          0
s3-eth16:    1702      21    0    0    0     0          0         0     5352      37    0    0    0     0       0          0
s3-eth17:    1702      21    0    0    0     0          0         0     5352      37    0    0    0     0       0          0
s3-eth18:    1702      21    0    0    0     0          0         0     5352      37    0    0    0     0       0          0
s3-eth19:    1702      21    0    0    0     0          0         0     5352      37    0    0    0     0       0          0
s3-eth20:    1702      21    0    0    0     0          0         0     5352      37    0    0    0     0       0          0
s3-eth21:    1702      21    0    0    0     0          0         0     5262      36    0    0    0     0       0          0
s3-eth22:    1702      21    0    0    0     0          0         0     5352      37    0    0    0     0       0          0
s3-eth23:    1702      21    0    0    0     0          0         0     5352      37    0    0    0     0       0          0
s3-eth24:    1702      21    0    0    0     0          0         0     5352      37    0    0    0     0       0          0
s3-eth25:    1702      21    0    0    0     0          0         0     5352      37    0    0    0     0       0          0
s3-eth26:    1702      21    0    0    0     0          0         0     5352      37    0    0    0     0       0          0
s3-eth27:    1612      20    0    0    0     0          0         0     5352      37    0    0    0     0       0          0
s3-eth28:    1702      21    0    0    0     0          0         0     5352      37    0    0    0     0       0          0
s3-eth29:    1702      21    0    0    0     0          0         0     5352      37    0    0    0     0       0          0
s3-eth30:    1702      21    0    0    0     0          0         0     5352      37    0    0    0     0       0          0
s3-eth31:    1702      21    0    0    0     0          0         0     5352      37    0    0    0     0       0          0
s3-eth32:    1702      21    0    0    0     0          0         0     5352      37    0    0    0     0       0          0
s3-eth33:    1702      21    0    0    0     0          0         0     5352      37    0    0    0     0       0          0
s3-eth34:    1702      21    0    0    0     0          0         0     5352      37    0    0    0     0       0          0
s1-eth1:   71045    1158    0    0    0     0          0         0 2927117743 2031060    0    0    0     0       0          0
s1-eth2:   20033     584    0    0    0     0          0         0    20061     584    0    0    0     0       0          0
s3-eth1: 2919067057 2025477    0    0    0     0          0         0    71045    1158    0    0    0     0       0          0
s3-eth2:   19928     583    0    0    0     0          0         0    19928     583    0    0    0     0       0          0
