s1-eth3: 6729454651 4668075    0    0    0     0          0         0   116541    1286    0    0    0     0       0          0
s1-eth4:    1898      23    0    0    0     0          0         0     5548      39    0    0    0     0       0          0
s1-eth5:    1702      21    0    0    0     0          0         0     5352      37    0    0    0     0       0          0
s1-eth6:    1702      21    0    0    0     0          0         0     5457      38    0    0    0     0       0          0
s1-eth7:    1702      21    0    0    0     0          0         0     5352      37    0    0    0     0       0          0
s1-eth8:    1702      21    0    0    0     0          0         0     5352      37    0    0    0     0       0          0
s1-eth9:    1702      21    0    0    0     0          0         0     5352      37    0    0    0     0       0          0
s1-eth10:    1702      21    0    0    0     0          0         0     5352      37    0    0    0     0       0          0
s1-eth11:    1702      21    0    0    0     0          0         0     5352      37    0    0    0     0       0          0
s1-eth12:    1702      21    0    0    0     0          0         0     5352      37    0    0    0     0       0          0
s1-eth13:    1702      21    0    0    0     0          0         0     5352      37    0    0    0     0       0          0
s1-eth14:    1702      21    0    0    0     0          0         0     5352      37    0    0    0     0       0          0
s1-eth15:    1702      21    0    0    0     0          0         0     5352      37    0    0    0     0       0          0
s1-eth16:    1702      21    0    0    0     0          0         0     5352      37    0    0    0     0       0          0
s1-eth17:    1702      21    0    0    0     0          0         0     5352      37    0    0    0     0       0          0
s1-eth18:    1702      21    0    0    0     0          0         0     5352      37    0    0    0     0       0          0
s1-eth19:    1702      21    0    0    0     0          0         0     5352      37    0    0    0     0       0          0
s1-eth20:    1702      21    0    0    0     0          0         0     5352      37    0    0    0     0       0          0
s1-eth21:    1702      21    0    0    0     0          0         0     5457      38    0    0    0     0       0          0
s1-eth22:    1702      21    0    0    0     0          0         0     5352      37    0    0    0     0       0          0
s1-eth23:    1702      21    0    0    0     0          0         0     5352      37    0    0    0     0       0          0
s1-eth24:    1702      21    0    0    0     0          0         0     5352      37    0    0    0     0       0          0
s1-eth25:    1702      21    0    0    0     0          0         0     5352      37    0    0    0     0       0          0
s1-eth26:    1702      21    0    0    0     0          0         0     5352      37    0    0    0     0       0          0
s1-eth27:    1702      21    0    0    0     0          0         0     5352      37    0    0    0     0       0          0
s1-eth28:    1702      21    0    0    0     0          0         0     5352      37    0    0    0     0       0          0
s1-eth29:    1702      21    0    0    0     0          0         0     5352      37    0    0    0     0       0          0
s1-eth30:    1702      21    0    0    0     0          0         0     5352      37    0    0    0     0       0          0
s1-eth31:    1702      21    0    0    0     0          0         0     5352      37    0    0    0     0       0          0
s1-eth32:    1702      21    0    0    0     0          0         0     5352      37    0    0    0     0       0          0
s1-eth33:    1702      21    0    0    0     0          0         0     5352      37    0    0    0     0       0          0
s1-eth34:    1702      21    0    0    0     0          0         0     5352      37    0    0    0     0       0          0
s3-eth3:  112695    1268    0    0    0     0          0         0 6522131671 4524312    0    0    0     0       0          0
s3-eth4:    1702      21    0    0    0     0          0         0     5352      37    0    0    0     0       0          0
s3-eth5:    1702      21    0    0    0     0          0         0     5352      37    0    0    0     0       0          0
s3-eth6:    1702      21    0    0    0     0          0         0     5352      37    0    0    0     0       0          0
s3-eth7:    1702      21    0    0    0     0          0         0     5352      37    0    0    0     0       0          0
s3-eth8:    1702      21    0    0    0     0          0         0     5352      37    0    0    0     0       0          0
s3-eth9:    1702      21    0    0    0     0          0         0     5352      37    0    0    0     0       0          0
s3-eth10:    1702      21    0    0    0     0          0         0     5352      37    0    0    0     0       0          0
s3-eth11:    1702      21    0    0    0     0          0         0     5352      37    0    0    0     0       0          0
s3-eth12:    1702      21    0    0    0     0          0         0     5352      37    0    0    0     0       0          0
s3-eth13:    1702      21    0    0    0     0          0         0     5352      37    0    0    0     0       0          0
s3-eth14:    1702      21    0    0    0     0          0         0     5352      37    0    0    0     0       0          0
s3-eth15:    1702      21    0    0    0     0          0         0     5352      37    0    0    0     0       0          0
s3-eth16:    1702      21    0    0    0     0          0         0     5352      37    0    0    0     0       0          0
s3-eth17:    1702      21    0    0    0     0          0         0     5352      37    0    0    0     0       0          0
s3-eth18:    1702      21    0    0    0     0          0         0     5352      37    0    0    0     0       0          0
s3-eth19:    1702      21    0    0    0     0          0         0     5352      37    0    0    0     0       0          0
s3-eth20:    1702      21    0    0    0     0          0         0     5352      37    0    0    0     0       0          0
s3-eth21:    1702      21    0    0    0     0          0         0     5262      36    0    0    0     0       0          0
s3-eth22:    1702      21    0    0    0     0          0         0     5352      37    0    0    0     0       0          0
s3-eth23:    1702      21    0    0    0     0          0         0     5352      37    0    0    0     0       0          0
s3-eth24:    1702      21    0    0    0     0          0         0     5352      37    0    0    0     0       0          0
s3-eth25:    1702      21    0    0    0     0          0         0     5352      37    0    0    0     0       0          0
s3-eth26:    1702      21    0    0    0     0          0         0     5352      37    0    0    0     0       0          0
s3-eth27:    1612      20    0    0    0     0          0         0     5352      37    0    0    0     0       0          0
s3-eth28:    1702      21    0    0    0     0          0         0     5352      37    0    0    0     0       0          0
s3-eth29:    1702      21    0    0    0     0          0         0     5352      37    0    0    0     0       0          0
s3-eth30:    1702      21    0    0    0     0          0         0     5352      37    0    0    0     0       0          0
s3-eth31:    1702      21    0    0    0     0          0         0     5352      37    0    0    0     0       0          0
s3-eth32:    1702      21    0    0    0     0          0         0     5352      37    0    0    0     0       0          0
s3-eth33:    1702      21    0    0    0     0          0         0     5352      37    0    0    0     0       0          0
s3-eth34:    1702      21    0    0    0     0          0         0     5352      37    0    0    0     0       0          0
s1-eth1:  132082    1873    0    0    0     0          0         0 6550492802 4544558    0    0    0     0       0          0
s1-eth2:   21194     627    0    0    0     0          0         0    21222     627    0    0    0     0       0          0
s3-eth1: 6531630000 4531477    0    0    0     0          0         0   132082    1873    0    0    0     0       0          0
s3-eth2:   21089     626    0    0    0     0          0         0    21089     626    0    0    0     0       0          0
