s1-eth3: 3129040249 3055937    0    0    0     0          0         0    24333     255    0    0    0     0       0          0
s2-eth3:    1192      14    0    0    0     0          0         0     4416      31    0    0    0     0       0          0
s3-eth3:    1086      13    0    0    0     0          0         0     4130      28    0    0    0     0       0          0
s4-eth3:   21003     237    0    0    0     0          0         0 2516355159 2457621    0    0    0     0       0          0
s5-eth1:    5228      71    0   44    0     0          0         0    25431     298    0    0    0     0       0          0
s1-eth1:   25431     298    0   44    0     0          0         0     5228      71    0    0    0     0       0          0
s6-eth1: 2587163425 2526807    0   44    0     0          0         0     5228      71    0    0    0     0       0          0
s1-eth2:    5228      71    0   44    0     0          0         0 2587163425 2526807    0    0    0     0       0          0
s5-eth2:    5424      73    0   44    0     0          0         0     5228      71    0    0    0     0       0          0
s2-eth1:    5228      71    0   44    0     0          0         0     5424      73    0    0    0     0       0          0
s6-eth2:    5228      71    0   44    0     0          0         0     4003      66    0    0    0     0       0          0
s2-eth2:    4003      66    0   44    0     0          0         0     5228      71    0    0    0     0       0          0
s7-eth1:    5228      71    0   44    0     0          0         0     5228      71    0    0    0     0       0          0
s3-eth1:    5228      71    0   44    0     0          0         0     5228      71    0    0    0     0       0          0
s8-eth1:    3604      63    0   44    0     0          0         0     5228      71    0    0    0     0       0          0
s3-eth2:    5228      71    0   44    0     0          0         0     3604      63    0    0    0     0       0          0
s7-eth2:   25235     296    0   44    0     0          0         0     5228      71    0    0    0     0       0          0
s4-eth1:    5228      71    0   44    0     0          0         0    25235     296    0    0    0     0       0          0
s8-eth2:    3604      63    0   44    0     0          0         0 2532618401 2473545    0    0    0     0       0          0
s4-eth2: 2532618401 2473545    0   44    0     0          0         0     3604      63    0    0    0     0       0          0
s9-eth1:    5228      71    0   44    0     0          0         0     3807      64    0    0    0     0       0          0
s5-eth3:    3807      64    0   44    0     0          0         0     5228      71    0    0    0     0       0          0
s10-eth1:    3807      64    0   44    0     0          0         0    25279     296    0    0    0     0       0          0
s5-eth4:   25279     296    0   44    0     0          0         0     3807      64    0    0    0     0       0          0
s9-eth2:    5228      71    0   44    0     0          0         0     3807      64    0    0    0     0       0          0
s6-eth3:    3807      64    0   44    0     0          0         0     5228      71    0    0    0     0       0          0
s10-eth2: 2571177121 2511200    0   44    0     0          0         0     5174      71    0    0    0     0       0          0
s6-eth4:    5174      71    0   44    0     0          0         0 2571177121 2511200    0    0    0     0       0          0
s9-eth3:    5228      71    0   44    0     0          0         0     5228      71    0    0    0     0       0          0
s7-eth3:    5228      71    0   44    0     0          0         0     5228      71    0    0    0     0       0          0
s10-eth3:   25235     296    0   44    0     0          0         0     5272      71    0    0    0     0       0          0
s7-eth4:    5272      71    0   44    0     0          0         0    25235     296    0    0    0     0       0          0
s9-eth4:    3807      64    0   44    0     0          0         0     5228      71    0    0    0     0       0          0
s8-eth3:    5228      71    0   44    0     0          0         0     3807      64    0    0    0     0       0          0
s10-eth4:    5228      71    0   44    0     0          0         0 2555757773 2496142    0    0    0     0       0          0
s8-eth4: 2555757773 2496142    0   44    0     0          0         0     5228      71    0    0    0     0       0          0
