182176 (python) S 3096 182176 182176 0 -1 4194304 23322 0 150 0 281 10 0 0 20 0 51 0 23976806 3928371200 34102 18446744073709551615 98615197188096 98615199856641 140729964001120 0 0 0 0 16781317 16386 1 0 0 17 9 0 0 0 0 0 98615201357024 98615202197232 98616088141824 140729964003185 140729964003263 140729964003263 140729964007358 0
183168 (grpc_global_tim) S 3096 182176 182176 0 -1 4194368 3 0 0 0 0 0 0 0 20 0 51 0 23976875 3928371200 34102 18446744073709551615 98615197188096 98615199856641 140729964001120 0 0 0 0 16781317 16386 1 0 0 -1 8 0 0 0 0 0 98615201357024 98615202197232 98616088141824 140729964003185 140729964003263 140729964003263 140729964007358 0
183172 (event_engine) S 3096 182176 182176 0 -1 4194368 81 0 0 0 15 14 0 0 20 0 51 0 23976875 3928371200 34102 18446744073709551615 98615197188096 98615199856641 140729964001120 0 0 0 0 16781317 16386 1 0 0 -1 13 0 0 0 0 0 98615201357024 98615202197232 98616088141824 140729964003185 140729964003263 140729964003263 140729964007358 0
183173 (event_engine) S 3096 182176 182176 0 -1 4194368 83 0 0 0 18 16 0 0 20 0 51 0 23976875 3928371200 34102 18446744073709551615 98615197188096 98615199856641 140729964001120 0 0 0 0 16781317 16386 1 0 0 -1 13 0 0 0 0 0 98615201357024 98615202197232 98616088141824 140729964003185 140729964003263 140729964003263 140729964007358 0
183174 (event_engine) S 3096 182176 182176 0 -1 4194368 112 0 1 0 14 16 0 0 20 0 51 0 23976875 3928371200 34102 18446744073709551615 98615197188096 98615199856641 140729964001120 0 0 0 0 16781317 16386 1 0 0 -1 13 0 0 0 0 0 98615201357024 98615202197232 98616088141824 140729964003185 140729964003263 140729964003263 140729964007358 0
183175 (event_engine) S 3096 182176 182176 0 -1 4194368 131 0 12 0 16 19 0 0 20 0 51 0 23976875 3928371200 34134 18446744073709551615 98615197188096 98615199856641 140729964001120 0 0 0 0 16781317 16386 1 0 0 -1 12 0 0 0 0 0 98615201357024 98615202197232 98616088141824 140729964003185 140729964003263 140729964003263 140729964007358 0
183176 (event_engine) S 3096 182176 182176 0 -1 4194368 88 0 0 0 18 15 0 0 20 0 51 0 23976875 3928371200 34134 18446744073709551615 98615197188096 98615199856641 140729964001120 0 0 0 0 16781317 16386 1 0 0 -1 12 0 0 0 0 0 98615201357024 98615202197232 98616088141824 140729964003185 140729964003263 140729964003263 140729964007358 0
183177 (event_engine) S 3096 182176 182176 0 -1 4194368 64 0 0 0 17 15 0 0 20 0 51 0 23976875 3928371200 34134 18446744073709551615 98615197188096 98615199856641 140729964001120 0 0 0 0 16781317 16386 1 0 0 -1 10 0 0 0 0 0 98615201357024 98615202197232 98616088141824 140729964003185 140729964003263 140729964003263 140729964007358 0
183178 (event_engine) S 3096 182176 182176 0 -1 4194368 77 0 0 0 18 13 0 0 20 0 51 0 23976875 3928371200 34134 18446744073709551615 98615197188096 98615199856641 140729964001120 0 0 0 0 16781317 16386 1 0 0 -1 10 0 0 0 0 0 98615201357024 98615202197232 98616088141824 140729964003185 140729964003263 140729964003263 140729964007358 0
183179 (event_engine) S 3096 182176 182176 0 -1 4194368 82 0 0 0 17 14 0 0 20 0 51 0 23976875 3928371200 34134 18446744073709551615 98615197188096 98615199856641 140729964001120 0 0 0 0 16781317 16386 1 0 0 -1 12 0 0 0 0 0 98615201357024 98615202197232 98616088141824 140729964003185 140729964003263 140729964003263 140729964007358 0
183180 (event_engine) S 3096 182176 182176 0 -1 4194368 64 0 2 0 17 13 0 0 20 0 51 0 23976875 3928371200 34134 18446744073709551615 98615197188096 98615199856641 140729964001120 0 0 0 0 16781317 16386 1 0 0 -1 12 0 0 0 0 0 98615201357024 98615202197232 98616088141824 140729964003185 140729964003263 140729964003263 140729964007358 0
183181 (event_engine) R 3096 182176 182176 0 -1 4194368 119 0 0 0 18 16 0 0 20 0 51 0 23976875 3928371200 34134 18446744073709551615 98615197188096 98615199856641 140729964001120 0 0 0 0 16781317 16386 1 0 0 -1 0 0 0 0 0 0 98615201357024 98615202197232 98616088141824 140729964003185 140729964003263 140729964003263 140729964007358 0
183182 (event_engine) S 3096 182176 182176 0 -1 4194368 117 0 5 0 16 18 0 0 20 0 51 0 23976875 3928371200 34134 18446744073709551615 98615197188096 98615199856641 140729964001120 0 0 0 0 16781317 16386 1 0 0 -1 12 0 0 0 0 0 98615201357024 98615202197232 98616088141824 140729964003185 140729964003263 140729964003263 140729964007358 0
183183 (event_engine) S 3096 182176 182176 0 -1 4194368 79 0 0 0 16 16 0 0 20 0 51 0 23976875 3928371200 34134 18446744073709551615 98615197188096 98615199856641 140729964001120 0 0 0 0 16781317 16386 1 0 0 -1 7 0 0 0 0 0 98615201357024 98615202197232 98616088141824 140729964003185 140729964003263 140729964003263 140729964007358 0
183184 (event_engine) S 3096 182176 182176 0 -1 4194368 88 0 0 0 17 18 0 0 20 0 51 0 23976875 3928371200 34134 18446744073709551615 98615197188096 98615199856641 140729964001120 0 0 0 0 16781317 16386 1 0 0 -1 13 0 0 0 0 0 98615201357024 98615202197232 98616088141824 140729964003185 140729964003263 140729964003263 140729964007358 0
183185 (event_engine) S 3096 182176 182176 0 -1 4194368 90 0 0 0 19 15 0 0 20 0 51 0 23976875 3928371200 34134 18446744073709551615 98615197188096 98615199856641 140729964001120 0 0 0 0 16781317 16386 1 0 0 -1 12 0 0 0 0 0 98615201357024 98615202197232 98616088141824 140729964003185 140729964003263 140729964003263 140729964007358 0
183186 (lifeguard) S 3096 182176 182176 0 -1 4194368 2 0 0 0 0 0 0 0 20 0 51 0 23976875 3928371200 34134 18446744073709551615 98615197188096 98615199856641 140729964001120 0 0 0 0 16781317 16386 1 0 0 -1 4 0 0 0 0 0 98615201357024 98615202197232 98616088141824 140729964003185 140729964003263 140729964003263 140729964007358 0
183189 (python) S 3096 182176 182176 0 -1 4194368 14 0 0 0 110 10 0 0 20 0 51 0 23976875 3928371200 34134 18446744073709551615 98615197188096 98615199856641 140729964001120 0 0 0 0 16781317 16386 1 0 0 -1 12 0 0 0 0 0 98615201357024 98615202197232 98616088141824 140729964003185 140729964003263 140729964003263 140729964007358 0
183190 (python) S 3096 182176 182176 0 -1 4194368 7 0 0 0 1 0 0 0 20 0 51 0 23976875 3928371200 34134 18446744073709551615 98615197188096 98615199856641 140729964001120 0 0 0 0 16781317 16386 1 0 0 -1 4 0 0 0 0 0 98615201357024 98615202197232 98616088141824 140729964003185 140729964003263 140729964003263 140729964007358 0
183191 (python) S 3096 182176 182176 0 -1 4194368 795 0 0 0 176 38 0 0 20 0 51 0 23976875 3928371200 34134 18446744073709551615 98615197188096 98615199856641 140729964001120 0 0 0 0 16781317 16386 1 0 0 -1 12 0 0 0 0 0 98615201357024 98615202197232 98616088141824 140729964003185 140729964003263 140729964003263 140729964007358 0
183194 (python) S 3096 182176 182176 0 -1 4194368 14 0 0 0 101 10 0 0 20 0 51 0 23976875 3928371200 34134 18446744073709551615 98615197188096 98615199856641 140729964001120 0 0 0 0 16781317 16386 1 0 0 -1 5 0 0 0 0 0 98615201357024 98615202197232 98616088141824 140729964003185 140729964003263 140729964003263 140729964007358 0
183195 (python) S 3096 182176 182176 0 -1 4194368 6 0 0 0 1 0 0 0 20 0 51 0 23976875 3928371200 34134 18446744073709551615 98615197188096 98615199856641 140729964001120 0 0 0 0 16781317 16386 1 0 0 -1 7 0 0 0 0 0 98615201357024 98615202197232 98616088141824 140729964003185 140729964003263 140729964003263 140729964007358 0
183197 (python) S 3096 182176 182176 0 -1 4194368 571 0 0 0 141 41 0 0 20 0 51 0 23976875 3928371200 34134 18446744073709551615 98615197188096 98615199856641 140729964001120 0 0 0 0 16781317 16386 1 0 0 -1 1 0 0 0 0 0 98615201357024 98615202197232 98616088141824 140729964003185 140729964003263 140729964003263 140729964007358 0
183204 (python) S 3096 182176 182176 0 -1 4194368 18 0 0 0 18 2 0 0 20 0 51 0 23976876 3928371200 34134 18446744073709551615 98615197188096 98615199856641 140729964001120 0 0 0 0 16781317 16386 1 0 0 -1 10 0 0 0 0 0 98615201357024 98615202197232 98616088141824 140729964003185 140729964003263 140729964003263 140729964007358 0
183206 (python) S 3096 182176 182176 0 -1 4194368 6 0 0 0 1 0 0 0 20 0 51 0 23976876 3928371200 34134 18446744073709551615 98615197188096 98615199856641 140729964001120 0 0 0 0 16781317 16386 1 0 0 -1 3 0 0 0 0 0 98615201357024 98615202197232 98616088141824 140729964003185 140729964003263 140729964003263 140729964007358 0
183207 (python) S 3096 182176 182176 0 -1 4194368 7 0 0 0 12 3 0 0 20 0 51 0 23976876 3928371200 34134 18446744073709551615 98615197188096 98615199856641 140729964001120 0 0 0 0 16781317 16386 1 0 0 -1 8 0 0 0 0 0 98615201357024 98615202197232 98616088141824 140729964003185 140729964003263 140729964003263 140729964007358 0
183213 (python) S 3096 182176 182176 0 -1 4194368 12 0 0 0 19 2 0 0 20 0 51 0 23976876 3928371200 34134 18446744073709551615 98615197188096 98615199856641 140729964001120 0 0 0 0 16781317 16386 1 0 0 -1 5 0 0 0 0 0 98615201357024 98615202197232 98616088141824 140729964003185 140729964003263 140729964003263 140729964007358 0
183215 (python) S 3096 182176 182176 0 -1 4194368 6 0 0 0 0 0 0 0 20 0 51 0 23976876 3928371200 34134 18446744073709551615 98615197188096 98615199856641 140729964001120 0 0 0 0 16781317 16386 1 0 0 -1 9 0 0 0 0 0 98615201357024 98615202197232 98616088141824 140729964003185 140729964003263 140729964003263 140729964007358 0
183216 (python) S 3096 182176 182176 0 -1 4194368 752 0 0 0 88 7 0 0 20 0 51 0 23976876 3928371200 34134 18446744073709551615 98615197188096 98615199856641 140729964001120 0 0 0 0 16781317 16386 1 0 0 -1 13 0 0 0 0 0 98615201357024 98615202197232 98616088141824 140729964003185 140729964003263 140729964003263 140729964007358 0
183221 (python) S 3096 182176 182176 0 -1 4194368 11 0 0 0 92 10 0 0 20 0 51 0 23976876 3928371200 34134 18446744073709551615 98615197188096 98615199856641 140729964001120 0 0 0 0 16781317 16386 1 0 0 -1 8 0 0 0 0 0 98615201357024 98615202197232 98616088141824 140729964003185 140729964003263 140729964003263 140729964007358 0
183222 (python) S 3096 182176 182176 0 -1 4194368 6 0 0 0 1 0 0 0 20 0 51 0 23976876 3928371200 34134 18446744073709551615 98615197188096 98615199856641 140729964001120 0 0 0 0 16781317 16386 1 0 0 -1 6 0 0 0 0 0 98615201357024 98615202197232 98616088141824 140729964003185 140729964003263 140729964003263 140729964007358 0
183223 (python) S 3096 182176 182176 0 -1 4194368 1660 0 0 0 199 41 0 0 20 0 51 0 23976876 3928371200 34134 18446744073709551615 98615197188096 98615199856641 140729964001120 0 0 0 0 16781317 16386 1 0 0 -1 5 0 0 0 0 0 98615201357024 98615202197232 98616088141824 140729964003185 140729964003263 140729964003263 140729964007358 0
183227 (python) S 3096 182176 182176 0 -1 4194368 13 0 0 0 10 0 0 0 20 0 51 0 23976877 3928371200 34134 18446744073709551615 98615197188096 98615199856641 140729964001120 0 0 0 0 16781317 16386 1 0 0 -1 4 0 0 0 0 0 98615201357024 98615202197232 98616088141824 140729964003185 140729964003263 140729964003263 140729964007358 0
183229 (python) S 3096 182176 182176 0 -1 4194368 6 0 0 0 1 0 0 0 20 0 51 0 23976877 3928371200 34134 18446744073709551615 98615197188096 98615199856641 140729964001120 0 0 0 0 16781317 16386 1 0 0 -1 0 0 0 0 0 0 98615201357024 98615202197232 98616088141824 140729964003185 140729964003263 140729964003263 140729964007358 0
183230 (python) S 3096 182176 182176 0 -1 4194368 705 0 0 0 155 11 0 0 20 0 51 0 23976877 3928371200 34134 18446744073709551615 98615197188096 98615199856641 140729964001120 0 0 0 0 16781317 16386 1 0 0 -1 9 0 0 0 0 0 98615201357024 98615202197232 98616088141824 140729964003185 140729964003263 140729964003263 140729964007358 0
183234 (python) S 3096 182176 182176 0 -1 4194368 12 0 0 0 10 1 0 0 20 0 51 0 23976877 3928371200 34134 18446744073709551615 98615197188096 98615199856641 140729964001120 0 0 0 0 16781317 16386 1 0 0 -1 8 0 0 0 0 0 98615201357024 98615202197232 98616088141824 140729964003185 140729964003263 140729964003263 140729964007358 0
183235 (python) S 3096 182176 182176 0 -1 4194368 7 0 0 0 1 0 0 0 20 0 51 0 23976877 3928371200 34134 18446744073709551615 98615197188096 98615199856641 140729964001120 0 0 0 0 16781317 16386 1 0 0 -1 3 0 0 0 0 0 98615201357024 98615202197232 98616088141824 140729964003185 140729964003263 140729964003263 140729964007358 0
183236 (python) S 3096 182176 182176 0 -1 4194368 584 0 0 0 239 17 0 0 20 0 51 0 23976877 3928371200 34134 18446744073709551615 98615197188096 98615199856641 140729964001120 0 0 0 0 16781317 16386 1 0 0 -1 5 0 0 0 0 0 98615201357024 98615202197232 98616088141824 140729964003185 140729964003263 140729964003263 140729964007358 0
183240 (python) S 3096 182176 182176 0 -1 4194368 11 0 0 0 9 0 0 0 20 0 51 0 23976877 3928371200 34134 18446744073709551615 98615197188096 98615199856641 140729964001120 0 0 0 0 16781317 16386 1 0 0 -1 4 0 0 0 0 0 98615201357024 98615202197232 98616088141824 140729964003185 140729964003263 140729964003263 140729964007358 0
183241 (python) S 3096 182176 182176 0 -1 4194368 6 0 0 0 1 1 0 0 20 0 51 0 23976877 3928371200 34134 18446744073709551615 98615197188096 98615199856641 140729964001120 0 0 0 0 16781317 16386 1 0 0 -1 8 0 0 0 0 0 98615201357024 98615202197232 98616088141824 140729964003185 140729964003263 140729964003263 140729964007358 0
183242 (python) S 3096 182176 182176 0 -1 4194368 600 0 0 0 55 3 0 0 20 0 51 0 23976877 3928371200 34134 18446744073709551615 98615197188096 98615199856641 140729964001120 0 0 0 0 16781317 16386 1 0 0 -1 10 0 0 0 0 0 98615201357024 98615202197232 98616088141824 140729964003185 140729964003263 140729964003263 140729964007358 0
183246 (python) S 3096 182176 182176 0 -1 4194368 14 0 0 0 10 0 0 0 20 0 51 0 23976877 3928371200 34134 18446744073709551615 98615197188096 98615199856641 140729964001120 0 0 0 0 16781317 16386 1 0 0 -1 8 0 0 0 0 0 98615201357024 98615202197232 98616088141824 140729964003185 140729964003263 140729964003263 140729964007358 0
183247 (python) S 3096 182176 182176 0 -1 4194368 6 0 0 0 1 0 0 0 20 0 51 0 23976877 3928371200 34134 18446744073709551615 98615197188096 98615199856641 140729964001120 0 0 0 0 16781317 16386 1 0 0 -1 8 0 0 0 0 0 98615201357024 98615202197232 98616088141824 140729964003185 140729964003263 140729964003263 140729964007358 0
183248 (python) S 3096 182176 182176 0 -1 4194368 723 0 0 0 164 12 0 0 20 0 51 0 23976877 3928371200 34134 18446744073709551615 98615197188096 98615199856641 140729964001120 0 0 0 0 16781317 16386 1 0 0 -1 5 0 0 0 0 0 98615201357024 98615202197232 98616088141824 140729964003185 140729964003263 140729964003263 140729964007358 0
183253 (python) S 3096 182176 182176 0 -1 4194368 12 0 0 0 9 0 0 0 20 0 51 0 23976877 3928371200 34134 18446744073709551615 98615197188096 98615199856641 140729964001120 0 0 0 0 16781317 16386 1 0 0 -1 5 0 0 0 0 0 98615201357024 98615202197232 98616088141824 140729964003185 140729964003263 140729964003263 140729964007358 0
183254 (python) S 3096 182176 182176 0 -1 4194368 6 0 0 0 1 0 0 0 20 0 51 0 23976877 3928371200 34134 18446744073709551615 98615197188096 98615199856641 140729964001120 0 0 0 0 16781317 16386 1 0 0 -1 7 0 0 0 0 0 98615201357024 98615202197232 98616088141824 140729964003185 140729964003263 140729964003263 140729964007358 0
183255 (python) S 3096 182176 182176 0 -1 4194368 1267 0 0 0 247 15 0 0 20 0 51 0 23976877 3928371200 34134 18446744073709551615 98615197188096 98615199856641 140729964001120 0 0 0 0 16781317 16386 1 0 0 -1 5 0 0 0 0 0 98615201357024 98615202197232 98616088141824 140729964003185 140729964003263 140729964003263 140729964007358 0
184899 (python) S 3096 182176 182176 0 -1 4194368 29 0 0 0 1 0 0 0 20 0 51 0 23976987 3928371200 34134 18446744073709551615 98615197188096 98615199856641 140729964001120 0 0 0 0 16781317 16386 1 0 0 -1 3 0 0 0 0 0 98615201357024 98615202197232 98616088141824 140729964003185 140729964003263 140729964003263 140729964007358 0
184911 (python) S 3096 182176 182176 0 -1 4194368 3 0 0 0 0 0 0 0 20 0 51 0 23976988 3928371200 34134 18446744073709551615 98615197188096 98615199856641 140729964001120 0 0 0 0 16781317 16386 1 0 0 -1 7 0 0 0 0 0 98615201357024 98615202197232 98616088141824 140729964003185 140729964003263 140729964003263 140729964007358 0
184944 (python) S 3096 182176 182176 0 -1 4194368 18 0 0 0 13 2 0 0 20 0 51 0 23976990 3928371200 34134 18446744073709551615 98615197188096 98615199856641 140729964001120 0 0 0 0 16781317 16386 1 0 0 -1 5 0 0 0 0 0 98615201357024 98615202197232 98616088141824 140729964003185 140729964003263 140729964003263 140729964007358 0
193215 (python) S 3096 182176 182176 0 -1 4194368 24 0 0 0 35 1 0 0 20 0 51 0 23979306 3928371200 34134 18446744073709551615 98615197188096 98615199856641 140729964001120 0 0 0 0 16781317 16386 1 0 0 -1 9 0 0 0 0 0 98615201357024 98615202197232 98616088141824 140729964003185 140729964003263 140729964003263 140729964007358 0
