182176 (python) S 3096 182176 182176 0 -1 4194304 23815 0 150 0 363 11 0 0 20 0 51 0 23976806 3928420352 37016 18446744073709551615 98615197188096 98615199856641 140729964001120 0 0 0 0 16781317 16386 1 0 0 17 4 0 0 0 0 0 98615201357024 98615202197232 98616088141824 140729964003185 140729964003263 140729964003263 140729964007358 0
183168 (grpc_global_tim) S 3096 182176 182176 0 -1 4194368 3 0 0 0 0 0 0 0 20 0 51 0 23976875 3928420352 37016 18446744073709551615 98615197188096 98615199856641 140729964001120 0 0 0 0 16781317 16386 1 0 0 -1 2 0 0 0 0 0 98615201357024 98615202197232 98616088141824 140729964003185 140729964003263 140729964003263 140729964007358 0
183172 (event_engine) S 3096 182176 182176 0 -1 4194368 271 0 0 0 33 42 0 0 20 0 51 0 23976875 3928420352 37016 18446744073709551615 98615197188096 98615199856641 140729964001120 0 0 0 0 16781317 16386 1 0 0 -1 8 0 0 0 0 0 98615201357024 98615202197232 98616088141824 140729964003185 140729964003263 140729964003263 140729964007358 0
183173 (event_engine) S 3096 182176 182176 0 -1 4194368 286 0 0 0 39 46 0 0 20 0 51 0 23976875 3928420352 37016 18446744073709551615 98615197188096 98615199856641 140729964001120 0 0 0 0 16781317 16386 1 0 0 -1 4 0 0 0 0 0 98615201357024 98615202197232 98616088141824 140729964003185 140729964003263 140729964003263 140729964007358 0
183174 (event_engine) S 3096 182176 182176 0 -1 4194368 440 0 1 0 30 46 0 0 20 0 51 0 23976875 3928420352 37016 18446744073709551615 98615197188096 98615199856641 140729964001120 0 0 0 0 16781317 16386 1 0 0 -1 7 0 0 0 0 0 98615201357024 98615202197232 98616088141824 140729964003185 140729964003263 140729964003263 140729964007358 0
183175 (event_engine) S 3096 182176 182176 0 -1 4194368 395 0 12 0 36 45 0 0 20 0 51 0 23976875 3928420352 37016 18446744073709551615 98615197188096 98615199856641 140729964001120 0 0 0 0 16781317 16386 1 0 0 -1 3 0 0 0 0 0 98615201357024 98615202197232 98616088141824 140729964003185 140729964003263 140729964003263 140729964007358 0
183176 (event_engine) S 3096 182176 182176 0 -1 4194368 295 0 0 0 38 40 0 0 20 0 51 0 23976875 3928420352 37016 18446744073709551615 98615197188096 98615199856641 140729964001120 0 0 0 0 16781317 16386 1 0 0 -1 11 0 0 0 0 0 98615201357024 98615202197232 98616088141824 140729964003185 140729964003263 140729964003263 140729964007358 0
183177 (event_engine) S 3096 182176 182176 0 -1 4194368 262 0 0 0 36 44 0 0 20 0 51 0 23976875 3928420352 37016 18446744073709551615 98615197188096 98615199856641 140729964001120 0 0 0 0 16781317 16386 1 0 0 -1 5 0 0 0 0 0 98615201357024 98615202197232 98616088141824 140729964003185 140729964003263 140729964003263 140729964007358 0
183178 (event_engine) S 3096 182176 182176 0 -1 4194368 302 0 0 0 36 43 0 0 20 0 51 0 23976875 3928420352 37016 18446744073709551615 98615197188096 98615199856641 140729964001120 0 0 0 0 16781317 16386 1 0 0 -1 13 0 0 0 0 0 98615201357024 98615202197232 98616088141824 140729964003185 140729964003263 140729964003263 140729964007358 0
183179 (event_engine) R 3096 182176 182176 0 -1 4194368 385 0 0 0 36 44 0 0 20 0 51 0 23976875 3928420352 37016 18446744073709551615 98615197188096 98615199856641 140729964001120 0 0 0 0 16781317 16386 1 0 0 -1 11 0 0 0 0 0 98615201357024 98615202197232 98616088141824 140729964003185 140729964003263 140729964003263 140729964007358 0
183180 (event_engine) S 3096 182176 182176 0 -1 4194368 177 0 2 0 35 41 0 0 20 0 51 0 23976875 3928420352 37016 18446744073709551615 98615197188096 98615199856641 140729964001120 0 0 0 0 16781317 16386 1 0 0 -1 13 0 0 0 0 0 98615201357024 98615202197232 98616088141824 140729964003185 140729964003263 140729964003263 140729964007358 0
183181 (event_engine) S 3096 182176 182176 0 -1 4194368 242 0 0 0 35 42 0 0 20 0 51 0 23976875 3928420352 37016 18446744073709551615 98615197188096 98615199856641 140729964001120 0 0 0 0 16781317 16386 1 0 0 -1 12 0 0 0 0 0 98615201357024 98615202197232 98616088141824 140729964003185 140729964003263 140729964003263 140729964007358 0
183182 (event_engine) S 3096 182176 182176 0 -1 4194368 261 0 5 0 37 46 0 0 20 0 51 0 23976875 3928420352 37016 18446744073709551615 98615197188096 98615199856641 140729964001120 0 0 0 0 16781317 16386 1 0 0 -1 12 0 0 0 0 0 98615201357024 98615202197232 98616088141824 140729964003185 140729964003263 140729964003263 140729964007358 0
183183 (event_engine) S 3096 182176 182176 0 -1 4194368 233 0 0 0 29 38 0 0 20 0 51 0 23976875 3928420352 37016 18446744073709551615 98615197188096 98615199856641 140729964001120 0 0 0 0 16781317 16386 1 0 0 -1 5 0 0 0 0 0 98615201357024 98615202197232 98616088141824 140729964003185 140729964003263 140729964003263 140729964007358 0
183184 (event_engine) S 3096 182176 182176 0 -1 4194368 319 0 0 0 35 42 0 0 20 0 51 0 23976875 3928420352 37016 18446744073709551615 98615197188096 98615199856641 140729964001120 0 0 0 0 16781317 16386 1 0 0 -1 8 0 0 0 0 0 98615201357024 98615202197232 98616088141824 140729964003185 140729964003263 140729964003263 140729964007358 0
183185 (event_engine) S 3096 182176 182176 0 -1 4194368 290 0 0 0 39 41 0 0 20 0 51 0 23976875 3928420352 37016 18446744073709551615 98615197188096 98615199856641 140729964001120 0 0 0 0 16781317 16386 1 0 0 -1 0 0 0 0 0 0 98615201357024 98615202197232 98616088141824 140729964003185 140729964003263 140729964003263 140729964007358 0
183186 (lifeguard) S 3096 182176 182176 0 -1 4194368 2 0 0 0 0 0 0 0 20 0 51 0 23976875 3928420352 37016 18446744073709551615 98615197188096 98615199856641 140729964001120 0 0 0 0 16781317 16386 1 0 0 -1 8 0 0 0 0 0 98615201357024 98615202197232 98616088141824 140729964003185 140729964003263 140729964003263 140729964007358 0
183189 (python) S 3096 182176 182176 0 -1 4194368 17 0 0 0 300 40 0 0 20 0 51 0 23976875 3928420352 37016 18446744073709551615 98615197188096 98615199856641 140729964001120 0 0 0 0 16781317 16386 1 0 0 -1 7 0 0 0 0 0 98615201357024 98615202197232 98616088141824 140729964003185 140729964003263 140729964003263 140729964007358 0
183190 (python) S 3096 182176 182176 0 -1 4194368 7 0 0 0 1 0 0 0 20 0 51 0 23976875 3928420352 37016 18446744073709551615 98615197188096 98615199856641 140729964001120 0 0 0 0 16781317 16386 1 0 0 -1 8 0 0 0 0 0 98615201357024 98615202197232 98616088141824 140729964003185 140729964003263 140729964003263 140729964007358 0
183191 (python) S 3096 182176 182176 0 -1 4194368 795 0 0 0 373 116 0 0 20 0 51 0 23976875 3928420352 37016 18446744073709551615 98615197188096 98615199856641 140729964001120 0 0 0 0 16781317 16386 1 0 0 -1 12 0 0 0 0 0 98615201357024 98615202197232 98616088141824 140729964003185 140729964003263 140729964003263 140729964007358 0
183194 (python) S 3096 182176 182176 0 -1 4194368 17 0 0 0 289 39 0 0 20 0 51 0 23976875 3928420352 37016 18446744073709551615 98615197188096 98615199856641 140729964001120 0 0 0 0 16781317 16386 1 0 0 -1 3 0 0 0 0 0 98615201357024 98615202197232 98616088141824 140729964003185 140729964003263 140729964003263 140729964007358 0
183195 (python) S 3096 182176 182176 0 -1 4194368 6 0 0 0 1 0 0 0 20 0 51 0 23976875 3928420352 37016 18446744073709551615 98615197188096 98615199856641 140729964001120 0 0 0 0 16781317 16386 1 0 0 -1 7 0 0 0 0 0 98615201357024 98615202197232 98616088141824 140729964003185 140729964003263 140729964003263 140729964007358 0
183197 (python) S 3096 182176 182176 0 -1 4194368 573 0 0 0 335 123 0 0 20 0 51 0 23976875 3928420352 37016 18446744073709551615 98615197188096 98615199856641 140729964001120 0 0 0 0 16781317 16386 1 0 0 -1 4 0 0 0 0 0 98615201357024 98615202197232 98616088141824 140729964003185 140729964003263 140729964003263 140729964007358 0
183204 (python) S 3096 182176 182176 0 -1 4194368 18 0 0 0 20 2 0 0 20 0 51 0 23976876 3928420352 37016 18446744073709551615 98615197188096 98615199856641 140729964001120 0 0 0 0 16781317 16386 1 0 0 -1 10 0 0 0 0 0 98615201357024 98615202197232 98616088141824 140729964003185 140729964003263 140729964003263 140729964007358 0
183206 (python) S 3096 182176 182176 0 -1 4194368 6 0 0 0 1 0 0 0 20 0 51 0 23976876 3928420352 37016 18446744073709551615 98615197188096 98615199856641 140729964001120 0 0 0 0 16781317 16386 1 0 0 -1 6 0 0 0 0 0 98615201357024 98615202197232 98616088141824 140729964003185 140729964003263 140729964003263 140729964007358 0
183207 (python) S 3096 182176 182176 0 -1 4194368 7 0 0 0 13 3 0 0 20 0 51 0 23976876 3928420352 37016 18446744073709551615 98615197188096 98615199856641 140729964001120 0 0 0 0 16781317 16386 1 0 0 -1 8 0 0 0 0 0 98615201357024 98615202197232 98616088141824 140729964003185 140729964003263 140729964003263 140729964007358 0
183213 (python) S 3096 182176 182176 0 -1 4194368 12 0 0 0 20 2 0 0 20 0 51 0 23976876 3928420352 37016 18446744073709551615 98615197188096 98615199856641 140729964001120 0 0 0 0 16781317 16386 1 0 0 -1 4 0 0 0 0 0 98615201357024 98615202197232 98616088141824 140729964003185 140729964003263 140729964003263 140729964007358 0
183215 (python) S 3096 182176 182176 0 -1 4194368 6 0 0 0 0 0 0 0 20 0 51 0 23976876 3928420352 37016 18446744073709551615 98615197188096 98615199856641 140729964001120 0 0 0 0 16781317 16386 1 0 0 -1 0 0 0 0 0 0 98615201357024 98615202197232 98616088141824 140729964003185 140729964003263 140729964003263 140729964007358 0
183216 (python) S 3096 182176 182176 0 -1 4194368 752 0 0 0 89 7 0 0 20 0 51 0 23976876 3928420352 37016 18446744073709551615 98615197188096 98615199856641 140729964001120 0 0 0 0 16781317 16386 1 0 0 -1 7 0 0 0 0 0 98615201357024 98615202197232 98616088141824 140729964003185 140729964003263 140729964003263 140729964007358 0
183221 (python) R 3096 182176 182176 0 -1 4194368 12 0 0 0 283 36 0 0 20 0 51 0 23976876 3928420352 37016 18446744073709551615 98615197188096 98615199856641 140729964001120 0 0 0 0 16781317 16386 0 0 0 -1 7 0 0 0 0 0 98615201357024 98615202197232 98616088141824 140729964003185 140729964003263 140729964003263 140729964007358 0
183222 (python) S 3096 182176 182176 0 -1 4194368 6 0 0 0 1 1 0 0 20 0 51 0 23976876 3928420352 37016 18446744073709551615 98615197188096 98615199856641 140729964001120 0 0 0 0 16781317 16386 1 0 0 -1 4 0 0 0 0 0 98615201357024 98615202197232 98616088141824 140729964003185 140729964003263 140729964003263 140729964007358 0
183223 (python) S 3096 182176 182176 0 -1 4194368 1661 0 0 0 396 121 0 0 20 0 51 0 23976876 3928420352 37016 18446744073709551615 98615197188096 98615199856641 140729964001120 0 0 0 0 16781317 16386 1 0 0 -1 7 0 0 0 0 0 98615201357024 98615202197232 98616088141824 140729964003185 140729964003263 140729964003263 140729964007358 0
183227 (python) S 3096 182176 182176 0 -1 4194368 13 0 0 0 12 0 0 0 20 0 51 0 23976877 3928420352 37016 18446744073709551615 98615197188096 98615199856641 140729964001120 0 0 0 0 16781317 16386 1 0 0 -1 5 0 0 0 0 0 98615201357024 98615202197232 98616088141824 140729964003185 140729964003263 140729964003263 140729964007358 0
183229 (python) S 3096 182176 182176 0 -1 4194368 6 0 0 0 1 0 0 0 20 0 51 0 23976877 3928420352 37016 18446744073709551615 98615197188096 98615199856641 140729964001120 0 0 0 0 16781317 16386 1 0 0 -1 11 0 0 0 0 0 98615201357024 98615202197232 98616088141824 140729964003185 140729964003263 140729964003263 140729964007358 0
183230 (python) S 3096 182176 182176 0 -1 4194368 705 0 0 0 155 11 0 0 20 0 51 0 23976877 3928420352 37016 18446744073709551615 98615197188096 98615199856641 140729964001120 0 0 0 0 16781317 16386 1 0 0 -1 4 0 0 0 0 0 98615201357024 98615202197232 98616088141824 140729964003185 140729964003263 140729964003263 140729964007358 0
183234 (python) S 3096 182176 182176 0 -1 4194368 12 0 0 0 12 1 0 0 20 0 51 0 23976877 3928420352 37016 18446744073709551615 98615197188096 98615199856641 140729964001120 0 0 0 0 16781317 16386 1 0 0 -1 6 0 0 0 0 0 98615201357024 98615202197232 98616088141824 140729964003185 140729964003263 140729964003263 140729964007358 0
183235 (python) S 3096 182176 182176 0 -1 4194368 7 0 0 0 2 0 0 0 20 0 51 0 23976877 3928420352 37016 18446744073709551615 98615197188096 98615199856641 140729964001120 0 0 0 0 16781317 16386 1 0 0 -1 0 0 0 0 0 0 98615201357024 98615202197232 98616088141824 140729964003185 140729964003263 140729964003263 140729964007358 0
183236 (python) S 3096 182176 182176 0 -1 4194368 584 0 0 0 240 18 0 0 20 0 51 0 23976877 3928420352 37016 18446744073709551615 98615197188096 98615199856641 140729964001120 0 0 0 0 16781317 16386 1 0 0 -1 12 0 0 0 0 0 98615201357024 98615202197232 98616088141824 140729964003185 140729964003263 140729964003263 140729964007358 0
183240 (python) S 3096 182176 182176 0 -1 4194368 13 0 0 0 11 1 0 0 20 0 51 0 23976877 3928420352 37016 18446744073709551615 98615197188096 98615199856641 140729964001120 0 0 0 0 16781317 16386 1 0 0 -1 4 0 0 0 0 0 98615201357024 98615202197232 98616088141824 140729964003185 140729964003263 140729964003263 140729964007358 0
183241 (python) S 3096 182176 182176 0 -1 4194368 6 0 0 0 1 1 0 0 20 0 51 0 23976877 3928420352 37016 18446744073709551615 98615197188096 98615199856641 140729964001120 0 0 0 0 16781317 16386 1 0 0 -1 12 0 0 0 0 0 98615201357024 98615202197232 98616088141824 140729964003185 140729964003263 140729964003263 140729964007358 0
183242 (python) S 3096 182176 182176 0 -1 4194368 600 0 0 0 56 4 0 0 20 0 51 0 23976877 3928420352 37016 18446744073709551615 98615197188096 98615199856641 140729964001120 0 0 0 0 16781317 16386 1 0 0 -1 9 0 0 0 0 0 98615201357024 98615202197232 98616088141824 140729964003185 140729964003263 140729964003263 140729964007358 0
183246 (python) S 3096 182176 182176 0 -1 4194368 14 0 0 0 12 0 0 0 20 0 51 0 23976877 3928420352 37016 18446744073709551615 98615197188096 98615199856641 140729964001120 0 0 0 0 16781317 16386 1 0 0 -1 0 0 0 0 0 0 98615201357024 98615202197232 98616088141824 140729964003185 140729964003263 140729964003263 140729964007358 0
183247 (python) S 3096 182176 182176 0 -1 4194368 6 0 0 0 1 0 0 0 20 0 51 0 23976877 3928420352 37016 18446744073709551615 98615197188096 98615199856641 140729964001120 0 0 0 0 16781317 16386 1 0 0 -1 4 0 0 0 0 0 98615201357024 98615202197232 98616088141824 140729964003185 140729964003263 140729964003263 140729964007358 0
183248 (python) S 3096 182176 182176 0 -1 4194368 723 0 0 0 164 12 0 0 20 0 51 0 23976877 3928420352 37016 18446744073709551615 98615197188096 98615199856641 140729964001120 0 0 0 0 16781317 16386 1 0 0 -1 9 0 0 0 0 0 98615201357024 98615202197232 98616088141824 140729964003185 140729964003263 140729964003263 140729964007358 0
183253 (python) S 3096 182176 182176 0 -1 4194368 13 0 0 0 11 0 0 0 20 0 51 0 23976877 3928420352 37016 18446744073709551615 98615197188096 98615199856641 140729964001120 0 0 0 0 16781317 16386 1 0 0 -1 4 0 0 0 0 0 98615201357024 98615202197232 98616088141824 140729964003185 140729964003263 140729964003263 140729964007358 0
183254 (python) S 3096 182176 182176 0 -1 4194368 6 0 0 0 1 0 0 0 20 0 51 0 23976877 3928420352 37016 18446744073709551615 98615197188096 98615199856641 140729964001120 0 0 0 0 16781317 16386 1 0 0 -1 12 0 0 0 0 0 98615201357024 98615202197232 98616088141824 140729964003185 140729964003263 140729964003263 140729964007358 0
183255 (python) S 3096 182176 182176 0 -1 4194368 1267 0 0 0 248 15 0 0 20 0 51 0 23976877 3928420352 37016 18446744073709551615 98615197188096 98615199856641 140729964001120 0 0 0 0 16781317 16386 1 0 0 -1 3 0 0 0 0 0 98615201357024 98615202197232 98616088141824 140729964003185 140729964003263 140729964003263 140729964007358 0
184899 (python) S 3096 182176 182176 0 -1 4194368 30 0 0 0 1 0 0 0 20 0 51 0 23976987 3928420352 37016 18446744073709551615 98615197188096 98615199856641 140729964001120 0 0 0 0 16781317 16386 1 0 0 -1 8 0 0 0 0 0 98615201357024 98615202197232 98616088141824 140729964003185 140729964003263 140729964003263 140729964007358 0
184911 (python) S 3096 182176 182176 0 -1 4194368 3 0 0 0 0 0 0 0 20 0 51 0 23976988 3928420352 37016 18446744073709551615 98615197188096 98615199856641 140729964001120 0 0 0 0 16781317 16386 1 0 0 -1 3 0 0 0 0 0 98615201357024 98615202197232 98616088141824 140729964003185 140729964003263 140729964003263 140729964007358 0
184944 (python) S 3096 182176 182176 0 -1 4194368 18 0 0 0 16 3 0 0 20 0 51 0 23976990 3928420352 37016 18446744073709551615 98615197188096 98615199856641 140729964001120 0 0 0 0 16781317 16386 1 0 0 -1 7 0 0 0 0 0 98615201357024 98615202197232 98616088141824 140729964003185 140729964003263 140729964003263 140729964007358 0
193215 (python) S 3096 182176 182176 0 -1 4194368 27 0 0 0 43 1 0 0 20 0 51 0 23979306 3928420352 37016 18446744073709551615 98615197188096 98615199856641 140729964001120 0 0 0 0 16781317 16386 1 0 0 -1 5 0 0 0 0 0 98615201357024 98615202197232 98616088141824 140729964003185 140729964003263 140729964003263 140729964007358 0
