s1-eth3: 1425291967 1392212    0    0    0     0          0         0    31976     340    0    0    0     0       0          0
s2-eth3:    1352      16    0    0    0     0          0         0     4599      32    0    0    0     0       0          0
s3-eth3:    1156      14    0    0    0     0          0         0     4403      30    0    0    0     0       0          0
s4-eth3:   28443     321    0    0    0     0          0         0 1424134916 1391094    0    0    0     0       0          0
s5-eth1:    6095      95    0    0    0     0          0         0    33668     405    0    0    0     0       0          0
s1-eth1:   33668     405    0    0    0     0          0         0     6095      95    0    0    0     0       0          0
s6-eth1: 1424996964 1392001    0    0    0     0          0         0     4471      87    0    0    0     0       0          0
s1-eth2:    4471      87    0    0    0     0          0         0 1424996964 1392001    0    0    0     0       0          0
s5-eth2:    6291      97    0    0    0     0          0         0     4268      86    0    0    0     0       0          0
s2-eth1:    4268      86    0    0    0     0          0         0     6291      97    0    0    0     0       0          0
s6-eth2:    6095      95    0    0    0     0          0         0     6291      97    0    0    0     0       0          0
s2-eth2:    6291      97    0    0    0     0          0         0     6095      95    0    0    0     0       0          0
s7-eth1:    6095      95    0    0    0     0          0         0     4471      87    0    0    0     0       0          0
s3-eth1:    4471      87    0    0    0     0          0         0     6095      95    0    0    0     0       0          0
s8-eth1:    6095      95    0    0    0     0          0         0     6095      95    0    0    0     0       0          0
s3-eth2:    6095      95    0    0    0     0          0         0     6095      95    0    0    0     0       0          0
s7-eth2:   33472     403    0    0    0     0          0         0     6095      95    0    0    0     0       0          0
s4-eth1:    6095      95    0    0    0     0          0         0    33472     403    0    0    0     0       0          0
s8-eth2:    6228      96    0    0    0     0          0         0 1424327072 1391345    0    0    0     0       0          0
s4-eth2: 1424327072 1391345    0    0    0     0          0         0     6228      96    0    0    0     0       0          0
s9-eth1:    6095      95    0    0    0     0          0         0     6228      96    0    0    0     0       0          0
s5-eth3:    6228      96    0    0    0     0          0         0     6095      95    0    0    0     0       0          0
s10-eth1:    6095      95    0    0    0     0          0         0    33538     403    0    0    0     0       0          0
s5-eth4:   33538     403    0    0    0     0          0         0     6095      95    0    0    0     0       0          0
s9-eth2:    6095      95    0    0    0     0          0         0     4268      86    0    0    0     0       0          0
s6-eth3:    4268      86    0    0    0     0          0         0     6095      95    0    0    0     0       0          0
s10-eth2: 1424815944 1391816    0    0    0     0          0         0     6161      95    0    0    0     0       0          0
s6-eth4:    6161      95    0    0    0     0          0         0 1424815944 1391816    0    0    0     0       0          0
s9-eth3:    6095      95    0    0    0     0          0         0     6025      95    0    0    0     0       0          0
s7-eth3:    6025      95    0    0    0     0          0         0     6095      95    0    0    0     0       0          0
s10-eth3:   33472     403    0    0    0     0          0         0     4557      87    0    0    0     0       0          0
s7-eth4:    4557      87    0    0    0     0          0         0    33472     403    0    0    0     0       0          0
s9-eth4:    6095      95    0    0    0     0          0         0     6095      95    0    0    0     0       0          0
s8-eth3:    6095      95    0    0    0     0          0         0     6095      95    0    0    0     0       0          0
s10-eth4:    6095      95    0    0    0     0          0         0 1424588258 1391600    0    0    0     0       0          0
s8-eth4: 1424588258 1391600    0    0    0     0          0         0     6095      95    0    0    0     0       0          0
