s1-eth3: 2244687076 5752320    0    0    0     0          0         0    65947     721    0    0    0     0       0          0
s2-eth3:    1422      17    0    0    0     0          0         0     4872      34    0    0    0     0       0          0
s3-eth3:    1226      15    0    0    0     0          0         0     4676      32    0    0    0     0       0          0
s4-eth3:   62211     701    0    0    0     0          0         0 2203267526 5122249    0    0    0     0       0          0
s5-eth1:    8150     163    0    0    0     0          0         0    69421     852    0    0    0     0       0          0
s1-eth1:   69421     852    0    0    0     0          0         0     8150     163    0    0    0     0       0          0
s6-eth1: 2206150538 5154621    0    0    0     0          0         0     6323     154    0    0    0     0       0          0
s1-eth2:    6323     154    0    0    0     0          0         0 2206150538 5154621    0    0    0     0       0          0
s5-eth2:    8346     165    0    0    0     0          0         0     6120     153    0    0    0     0       0          0
s2-eth1:    6120     153    0    0    0     0          0         0     8346     165    0    0    0     0       0          0
s6-eth2:    8150     163    0    0    0     0          0         0     8346     165    0    0    0     0       0          0
s2-eth2:    8346     165    0    0    0     0          0         0     8150     163    0    0    0     0       0          0
s7-eth1:    8150     163    0    0    0     0          0         0     6323     154    0    0    0     0       0          0
s3-eth1:    6323     154    0    0    0     0          0         0     8150     163    0    0    0     0       0          0
s8-eth1:    8150     163    0    0    0     0          0         0     8150     163    0    0    0     0       0          0
s3-eth2:    8150     163    0    0    0     0          0         0     8150     163    0    0    0     0       0          0
s7-eth2:   69225     850    0    0    0     0          0         0     8150     163    0    0    0     0       0          0
s4-eth1:    8150     163    0    0    0     0          0         0    69225     850    0    0    0     0       0          0
s8-eth2:    8283     164    0    0    0     0          0         0 2203951064 5130216    0    0    0     0       0          0
s4-eth2: 2203951064 5130216    0    0    0     0          0         0     8283     164    0    0    0     0       0          0
s9-eth1:    8150     163    0    0    0     0          0         0     8283     164    0    0    0     0       0          0
s5-eth3:    8283     164    0    0    0     0          0         0     8150     163    0    0    0     0       0          0
s10-eth1:    8150     163    0    0    0     0          0         0    69357     850    0    0    0     0       0          0
s5-eth4:   69357     850    0    0    0     0          0         0     8150     163    0    0    0     0       0          0
s9-eth2:    8150     163    0    0    0     0          0         0     6323     154    0    0    0     0       0          0
s6-eth3:    6323     154    0    0    0     0          0         0     8150     163    0    0    0     0       0          0
s10-eth2: 2205528803 5147552    0    0    0     0          0         0     8282     163    0    0    0     0       0          0
s6-eth4:    8282     163    0    0    0     0          0         0 2205528803 5147552    0    0    0     0       0          0
s9-eth3:    8150     163    0    0    0     0          0         0     8080     163    0    0    0     0       0          0
s7-eth3:    8080     163    0    0    0     0          0         0     8150     163    0    0    0     0       0          0
s10-eth3:   69225     850    0    0    0     0          0         0     6475     154    0    0    0     0       0          0
s7-eth4:    6475     154    0    0    0     0          0         0    69225     850    0    0    0     0       0          0
s9-eth4:    8150     163    0    0    0     0          0         0     8150     163    0    0    0     0       0          0
s8-eth3:    8150     163    0    0    0     0          0         0     8150     163    0    0    0     0       0          0
s10-eth4:    8150     163    0    0    0     0          0         0 2204870858 5140610    0    0    0     0       0          0
s8-eth4: 2204870858 5140610    0    0    0     0          0         0     8150     163    0    0    0     0       0          0
