s1-eth3: 6504100798 9912175    0    0    0     0          0         0    90913    1001    0    0    0     0       0          0
s2-eth3:    1422      17    0    0    0     0          0         0     4872      34    0    0    0     0       0          0
s3-eth3:    1226      15    0    0    0     0          0         0     4676      32    0    0    0     0       0          0
s4-eth3:   87177     981    0    0    0     0          0         0 5812255904 8646923    0    0    0     0       0          0
s5-eth1:    9122     199    0    0    0     0          0         0    95359    1168    0    0    0     0       0          0
s1-eth1:   95359    1168    0    0    0     0          0         0     9122     199    0    0    0     0       0          0
s6-eth1: 5879630384 8742310    0    0    0     0          0         0     7295     190    0    0    0     0       0          0
s1-eth2:    7295     190    0    0    0     0          0         0 5879630384 8742310    0    0    0     0       0          0
s5-eth2:    9318     201    0    0    0     0          0         0     7092     189    0    0    0     0       0          0
s2-eth1:    7092     189    0    0    0     0          0         0     9318     201    0    0    0     0       0          0
s6-eth2:    9122     199    0    0    0     0          0         0     9318     201    0    0    0     0       0          0
s2-eth2:    9318     201    0    0    0     0          0         0     9122     199    0    0    0     0       0          0
s7-eth1:    9122     199    0    0    0     0          0         0     7295     190    0    0    0     0       0          0
s3-eth1:    7295     190    0    0    0     0          0         0     9122     199    0    0    0     0       0          0
s8-eth1:    9122     199    0    0    0     0          0         0     9122     199    0    0    0     0       0          0
s3-eth2:    9122     199    0    0    0     0          0         0     9122     199    0    0    0     0       0          0
s7-eth2:   95163    1166    0    0    0     0          0         0     9122     199    0    0    0     0       0          0
s4-eth1:    9122     199    0    0    0     0          0         0    95163    1166    0    0    0     0       0          0
s8-eth2:    9255     200    0    0    0     0          0         0 5832199806 8673734    0    0    0     0       0          0
s4-eth2: 5832199806 8673734    0    0    0     0          0         0     9255     200    0    0    0     0       0          0
s9-eth1:    9122     199    0    0    0     0          0         0     9255     200    0    0    0     0       0          0
s5-eth3:    9255     200    0    0    0     0          0         0     9122     199    0    0    0     0       0          0
s10-eth1:    9122     199    0    0    0     0          0         0    95331    1166    0    0    0     0       0          0
s5-eth4:   95331    1166    0    0    0     0          0         0     9122     199    0    0    0     0       0          0
s9-eth2:    9122     199    0    0    0     0          0         0     7295     190    0    0    0     0       0          0
s6-eth3:    7295     190    0    0    0     0          0         0     9122     199    0    0    0     0       0          0
s10-eth2: 5865429385 8721980    0    0    0     0          0         0     9290     199    0    0    0     0       0          0
s6-eth4:    9290     199    0    0    0     0          0         0 5865429385 8721980    0    0    0     0       0          0
s9-eth3:    9122     199    0    0    0     0          0         0     9052     199    0    0    0     0       0          0
s7-eth3:    9052     199    0    0    0     0          0         0     9122     199    0    0    0     0       0          0
s10-eth3:   95163    1166    0    0    0     0          0         0     7483     190    0    0    0     0       0          0
s7-eth4:    7483     190    0    0    0     0          0         0    95163    1166    0    0    0     0       0          0
s9-eth4:    9122     199    0    0    0     0          0         0     9122     199    0    0    0     0       0          0
s8-eth3:    9122     199    0    0    0     0          0         0     9122     199    0    0    0     0       0          0
s10-eth4:    9122     199    0    0    0     0          0         0 5851700116 8702273    0    0    0     0       0          0
s8-eth4: 5851700116 8702273    0    0    0     0          0         0     9122     199    0    0    0     0       0          0
