s1-eth3: 383657193  266219    0    0    0     0          0         0    15688     157    0    0    0     0       0          0
s1-eth4:   12768     144    0    0    0     0          0         0 376065099  260965    0    0    0     0       0          0
s1-eth5:    1422      17    0    0    0     0          0         0     4182      28    0    0    0     0       0          0
s1-eth6:    1422      17    0    0    0     0          0         0     4272      29    0    0    0     0       0          0
s1-eth7:    1422      17    0    0    0     0          0         0     4272      29    0    0    0     0       0          0
s1-eth8:    1352      16    0    0    0     0          0         0     4202      28    0    0    0     0       0          0
s1-eth9:    1422      17    0    0    0     0          0         0     4182      28    0    0    0     0       0          0
s1-eth10:    1262      15    0    0    0     0          0         0     4272      29    0    0    0     0       0          0
s1-eth11:    1352      16    0    0    0     0          0         0     4202      28    0    0    0     0       0          0
s1-eth12:    1422      17    0    0    0     0          0         0     4272      29    0    0    0     0       0          0
s1-eth13:    1352      16    0    0    0     0          0         0     4272      29    0    0    0     0       0          0
s1-eth14:    1422      17    0    0    0     0          0         0     4202      28    0    0    0     0       0          0
s1-eth15:    1422      17    0    0    0     0          0         0     4272      29    0    0    0     0       0          0
s1-eth16:    1352      16    0    0    0     0          0         0     4272      29    0    0    0     0       0          0
s1-eth17:    1422      17    0    0    0     0          0         0     4202      28    0    0    0     0       0          0
s1-eth18:    1352      16    0    0    0     0          0         0     4272      29    0    0    0     0       0          0
s1-eth19:    1422      17    0    0    0     0          0         0     4272      29    0    0    0     0       0          0
s1-eth20:    1332      16    0    0    0     0          0         0     4272      29    0    0    0     0       0          0
s1-eth21:    1422      17    0    0    0     0          0         0     4202      28    0    0    0     0       0          0
s1-eth22:    1352      16    0    0    0     0          0         0     4272      29    0    0    0     0       0          0
s1-eth23:    1352      16    0    0    0     0          0         0     4272      29    0    0    0     0       0          0
s1-eth24:    1352      16    0    0    0     0          0         0     4272      29    0    0    0     0       0          0
s1-eth25:    1422      17    0    0    0     0          0         0     4272      29    0    0    0     0       0          0
s1-eth26:    1352      16    0    0    0     0          0         0     4272      29    0    0    0     0       0          0
s1-eth27:    1422      17    0    0    0     0          0         0     4272      29    0    0    0     0       0          0
s1-eth28:    1422      17    0    0    0     0          0         0     4039      28    0    1    0     0       0          0
s1-eth29:    1332      16    0    0    0     0          0         0     4202      28    0    0    0     0       0          0
s1-eth30:    1352      16    0    0    0     0          0         0     4272      29    0    0    0     0       0          0
s1-eth31:    1422      17    0    0    0     0          0         0     4182      28    0    0    0     0       0          0
s1-eth32:    1352      16    0    0    0     0          0         0     4272      29    0    0    0     0       0          0
s1-eth33:    1332      16    0    0    0     0          0         0     4272      29    0    0    0     0       0          0
s1-eth34:    1422      17    0    0    0     0          0         0     4182      28    0    0    0     0       0          0
s3-eth3:    1262      15    0    0    0     0          0         0     4272      29    0    0    0     0       0          0
s3-eth4:    1332      16    0    0    0     0          0         0     4182      28    0    0    0     0       0          0
s3-eth5:    1262      15    0    0    0     0          0         0     4112      27    0    0    0     0       0          0
s3-eth6:    1262      15    0    0    0     0          0         0     4182      28    0    0    0     0       0          0
s3-eth7:    1262      15    0    0    0     0          0         0     4182      28    0    0    0     0       0          0
s3-eth8:    1352      16    0    0    0     0          0         0     4202      28    0    0    0     0       0          0
s3-eth9:    1332      16    0    0    0     0          0         0     4272      29    0    0    0     0       0          0
s3-eth10:    1422      17    0    0    0     0          0         0     4182      28    0    0    0     0       0          0
s3-eth11:    1422      17    0    0    0     0          0         0     4112      27    0    0    0     0       0          0
s3-eth12:    1422      17    0    0    0     0          0         0     4112      27    0    0    0     0       0          0
s3-eth13:    1352      16    0    0    0     0          0         0     4182      28    0    0    0     0       0          0
s3-eth14:    1262      15    0    0    0     0          0         0     4162      28    0    0    0     0       0          0
s3-eth15:    1262      15    0    0    0     0          0         0     4272      29    0    0    0     0       0          0
s3-eth16:    1262      15    0    0    0     0          0         0     4182      28    0    0    0     0       0          0
s3-eth17:    1422      17    0    0    0     0          0         0     4112      27    0    0    0     0       0          0
s3-eth18:    1102      13    0    0    0     0          0         0     4092      27    0    0    0     0       0          0
s3-eth19:    1172      14    0    0    0     0          0         0     4112      27    0    0    0     0       0          0
s3-eth20:    1422      17    0    0    0     0          0         0     4182      28    0    0    0     0       0          0
s3-eth21:    1172      14    0    0    0     0          0         0     4112      27    0    0    0     0       0          0
s3-eth22:    1332      16    0    0    0     0          0         0     4182      28    0    0    0     0       0          0
s3-eth23:    1262      15    0    0    0     0          0         0     4272      29    0    0    0     0       0          0
s3-eth24:    1422      17    0    0    0     0          0         0     4182      28    0    0    0     0       0          0
s3-eth25:    1262      15    0    0    0     0          0         0     4272      29    0    0    0     0       0          0
s3-eth26:    1332      16    0    0    0     0          0         0     4182      28    0    0    0     0       0          0
s3-eth27:    1172      14    0    0    0     0          0         0     4182      28    0    0    0     0       0          0
s3-eth28:    1262      15    0    0    0     0          0         0     4162      28    0    0    0     0       0          0
s3-eth29:    1422      17    0    0    0     0          0         0     4202      28    0    0    0     0       0          0
s3-eth30:    1102      13    0    0    0     0          0         0     4232      29    0    0    0     0       0          0
s3-eth31:    1332      16    0    0    0     0          0         0     4272      29    0    0    0     0       0          0
s3-eth32:    1352      16    0    0    0     0          0         0     4182      28    0    0    0     0       0          0
s3-eth33:    1352      16    0    0    0     0          0         0     4112      27    0    0    0     0       0          0
s3-eth34:    1172      14    0    0    0     0          0         0     4232      29    0    0    0     0       0          0
s1-eth1:    4700      51    0    0    0     0          0         0     4630      50    0    0    0     0       0          0
s1-eth2:    4630      50    0    0    0     0          0         0     4700      51    0    0    0     0       0          0
s3-eth1:    4700      51    0    0    0     0          0         0     4700      51    0    0    0     0       0          0
s3-eth2:    4700      51    0    0    0     0          0         0     3279      44    0    0    0     0       0          0
