s1-eth3: 4259432008 4159895    0    0    0     0          0         0    29501     311    0    0    0     0       0          0
s2-eth3:    1262      15    0    0    0     0          0         0     4689      33    0    0    0     0       0          0
s3-eth3:    1082      13    0    0    0     0          0         0     4403      30    0    0    0     0       0          0
s4-eth3:   26124     294    0    0    0     0          0         0 3589311027 3505491    0    0    0     0       0          0
s5-eth1:    5798      84    0    0    0     0          0         0    30966     366    0    0    0     0       0          0
s1-eth1:   30966     366    0    0    0     0          0         0     5798      84    0    0    0     0       0          0
s6-eth1: 3652352106 3567109    0    0    0     0          0         0     5798      84    0    0    0     0       0          0
s1-eth2:    5798      84    0    0    0     0          0         0 3652352106 3567109    0    0    0     0       0          0
s5-eth2:    5924      85    0    0    0     0          0         0     5798      84    0    0    0     0       0          0
s2-eth1:    5798      84    0    0    0     0          0         0     5924      85    0    0    0     0       0          0
s6-eth2:    5798      84    0    0    0     0          0         0     5994      86    0    0    0     0       0          0
s2-eth2:    5994      86    0    0    0     0          0         0     5798      84    0    0    0     0       0          0
s7-eth1:    5798      84    0    0    0     0          0         0     5728      84    0    0    0     0       0          0
s3-eth1:    5728      84    0    0    0     0          0         0     5798      84    0    0    0     0       0          0
s8-eth1:    5798      84    0    0    0     0          0         0     5798      84    0    0    0     0       0          0
s3-eth2:    5798      84    0    0    0     0          0         0     5798      84    0    0    0     0       0          0
s7-eth2:   30700     363    0    0    0     0          0         0     5798      84    0    0    0     0       0          0
s4-eth1:    5798      84    0    0    0     0          0         0    30700     363    0    0    0     0       0          0
s8-eth2:    5728      83    0    0    0     0          0         0 3604987744 3520852    0    0    0     0       0          0
s4-eth2: 3604987744 3520852    0    0    0     0          0         0     5728      83    0    0    0     0       0          0
s9-eth1:    5798      84    0    0    0     0          0         0     5728      83    0    0    0     0       0          0
s5-eth3:    5728      83    0    0    0     0          0         0     5798      84    0    0    0     0       0          0
s10-eth1:    4174      76    0    0    0     0          0         0    30755     363    0    0    0     0       0          0
s5-eth4:   30755     363    0    0    0     0          0         0     4174      76    0    0    0     0       0          0
s9-eth2:    5798      84    0    0    0     0          0         0     5798      84    0    0    0     0       0          0
s6-eth3:    5798      84    0    0    0     0          0         0     5798      84    0    0    0     0       0          0
s10-eth2: 3635004326 3550166    0    0    0     0          0         0     4229      76    0    0    0     0       0          0
s6-eth4:    4229      76    0    0    0     0          0         0 3635004326 3550166    0    0    0     0       0          0
s9-eth3:    5728      83    0    0    0     0          0         0     5798      84    0    0    0     0       0          0
s7-eth3:    5798      84    0    0    0     0          0         0     5728      83    0    0    0     0       0          0
s10-eth3:   30700     363    0    0    0     0          0         0     5853      84    0    0    0     0       0          0
s7-eth4:    5853      84    0    0    0     0          0         0    30700     363    0    0    0     0       0          0
s9-eth4:    5798      84    0    0    0     0          0         0     5728      83    0    0    0     0       0          0
s8-eth3:    5728      83    0    0    0     0          0         0     5798      84    0    0    0     0       0          0
s10-eth4:    5798      84    0    0    0     0          0         0 3620651997 3536150    0    0    0     0       0          0
s8-eth4: 3620651997 3536150    0    0    0     0          0         0     5798      84    0    0    0     0       0          0
