s1-eth3: 4510316706 8079810    0    0    0     0          0         0    54462     592    0    0    0     0       0          0
s2-eth3:    1262      15    0    0    0     0          0         0     4689      33    0    0    0     0       0          0
s3-eth3:    1152      14    0    0    0     0          0         0     4473      31    0    0    0     0       0          0
s4-eth3:   51015     574    0    0    0     0          0         0 3796128653 6736858    0    0    0     0       0          0
s5-eth1:    6797     121    0    0    0     0          0         0    56856     683    0    0    0     0       0          0
s1-eth1:   56856     683    0    0    0     0          0         0     6797     121    0    0    0     0       0          0
s6-eth1: 3862854315 6856069    0    0    0     0          0         0     6797     121    0    0    0     0       0          0
s1-eth2:    6797     121    0    0    0     0          0         0 3862854315 6856069    0    0    0     0       0          0
s5-eth2:    6993     123    0    0    0     0          0         0     6797     121    0    0    0     0       0          0
s2-eth1:    6797     121    0    0    0     0          0         0     6993     123    0    0    0     0       0          0
s6-eth2:    6797     121    0    0    0     0          0         0     6993     123    0    0    0     0       0          0
s2-eth2:    6993     123    0    0    0     0          0         0     6797     121    0    0    0     0       0          0
s7-eth1:    6797     121    0    0    0     0          0         0     6727     121    0    0    0     0       0          0
s3-eth1:    6727     121    0    0    0     0          0         0     6797     121    0    0    0     0       0          0
s8-eth1:    6797     121    0    0    0     0          0         0     6797     121    0    0    0     0       0          0
s3-eth2:    6797     121    0    0    0     0          0         0     6797     121    0    0    0     0       0          0
s7-eth2:   56660     681    0    0    0     0          0         0     6797     121    0    0    0     0       0          0
s4-eth1:    6797     121    0    0    0     0          0         0    56660     681    0    0    0     0       0          0
s8-eth2:    6797     121    0    0    0     0          0         0 3812691367 6766084    0    0    0     0       0          0
s4-eth2: 3812691367 6766084    0    0    0     0          0         0     6797     121    0    0    0     0       0          0
s9-eth1:    6770     120    0    0    0     0          0         0     6797     121    0    0    0     0       0          0
s5-eth3:    6797     121    0    0    0     0          0         0     6770     120    0    0    0     0       0          0
s10-eth1:    5216     113    0    0    0     0          0         0    56752     681    0    0    0     0       0          0
s5-eth4:   56752     681    0    0    0     0          0         0     5216     113    0    0    0     0       0          0
s9-eth2:    6797     121    0    0    0     0          0         0     6797     121    0    0    0     0       0          0
s6-eth3:    6797     121    0    0    0     0          0         0     6797     121    0    0    0     0       0          0
s10-eth2: 3844499852 6823396    0    0    0     0          0         0     5265     113    0    0    0     0       0          0
s6-eth4:    5265     113    0    0    0     0          0         0 3844499852 6823396    0    0    0     0       0          0
s9-eth3:    6797     121    0    0    0     0          0         0     6797     121    0    0    0     0       0          0
s7-eth3:    6797     121    0    0    0     0          0         0     6797     121    0    0    0     0       0          0
s10-eth3:   56660     681    0    0    0     0          0         0     6889     121    0    0    0     0       0          0
s7-eth4:    6889     121    0    0    0     0          0         0    56660     681    0    0    0     0       0          0
s9-eth4:    6797     121    0    0    0     0          0         0     6770     120    0    0    0     0       0          0
s8-eth3:    6770     120    0    0    0     0          0         0     6797     121    0    0    0     0       0          0
s10-eth4:    6770     120    0    0    0     0          0         0 3829343847 6796822    0    0    0     0       0          0
s8-eth4: 3829343847 6796822    0    0    0     0          0         0     6770     120    0    0    0     0       0          0
