cpu  26560543 6208 5690410 268623670 675043 0 257425 0 111893 0
cpu0 2604217 956 499929 18234753 59719 0 20974 0 17502 0
cpu1 1868176 445 277226 19373808 35340 0 17667 0 10491 0
cpu2 2752513 1004 553323 18087927 64452 0 16894 0 18736 0
cpu3 1961037 742 264957 19400979 28457 0 14076 0 9123 0
cpu4 2194817 333 586489 18641093 67788 0 19681 0 8227 0
cpu5 2034697 292 523994 18873486 68662 0 19831 0 7203 0
cpu6 1893648 340 471855 19085603 63957 0 18023 0 5953 0
cpu7 1828063 425 441007 19198606 62407 0 18321 0 5296 0
cpu8 1843314 409 436341 19221746 53483 0 17411 0 5788 0
cpu9 1835432 299 422324 19245817 54853 0 17634 0 5838 0
cpu10 1827583 300 398324 19269996 51554 0 32309 0 6749 0
cpu11 1854751 347 389485 19264843 51022 0 17019 0 6090 0
cpu12 1051262 174 212034 20383323 6807 0 13729 0 2348 0
cpu13 1011027 136 213117 20341683 6537 0 13849 0 2543 0
procs_running 1
procs_blocked 0
MemTotal:       15782176 kB
MemAvailable:    4863876 kB
SwapTotal:      20971512 kB
SwapFree:       11484860 kB
pgsteal_direct 1674852
pgscan_direct 2621826
