cpu  26565102 6209 5719644 268623804 675044 0 266818 0 112127 0
cpu0 2604460 956 501963 18234762 59719 0 21780 0 17514 0
cpu1 1868382 446 279183 19373813 35340 0 18594 0 10497 0
cpu2 2752871 1004 555260 18087934 64452 0 17688 0 18737 0
cpu3 1961392 742 266848 19400990 28457 0 14911 0 9124 0
cpu4 2195188 333 588683 18641096 67788 0 20209 0 8272 0
cpu5 2035110 292 526159 18873490 68663 0 20345 0 7256 0
cpu6 1894087 340 473975 19085607 63957 0 18555 0 5982 0
cpu7 1828481 425 443160 19198609 62407 0 18842 0 5339 0
cpu8 1843670 409 438470 19221770 53483 0 17992 0 5793 0
cpu9 1835719 299 424479 19245857 54853 0 18241 0 5844 0
cpu10 1827961 300 400389 19270006 51554 0 32952 0 6767 0
cpu11 1855121 347 391555 19264853 51022 0 17663 0 6104 0
cpu12 1051441 174 214221 20383326 6807 0 14458 0 2349 0
cpu13 1011212 136 215292 20341686 6537 0 14582 0 2543 0
procs_running 77
procs_blocked 0
MemTotal:       15782176 kB
MemAvailable:    3565812 kB
SwapTotal:      20971512 kB
SwapFree:       11485048 kB
pgsteal_direct 1674852
pgscan_direct 2621826
