s1-eth3: 6373047202 9784165    0    0    0     0          0         0    88342     972    0    0    0     0       0          0
s2-eth3:    1508      18    0    0    0     0          0         0     4872      34    0    0    0     0       0          0
s3-eth3:    1226      15    0    0    0     0          0         0     4676      32    0    0    0     0       0          0
s4-eth3:   84696     953    0    0    0     0          0         0 5692771122 8531435    0    0    0     0       0          0
s5-eth1:    9014     195    0    0    0     0          0         0    90853    1126    0    0    0     0       0          0
s1-eth1:   90853    1126    0    0    0     0          0         0     9014     195    0    0    0     0       0          0
s6-eth1: 5738414504 8601402    0    0    0     0          0         0     9014     195    0    0    0     0       0          0
s1-eth2:    9014     195    0    0    0     0          0         0 5738414504 8601402    0    0    0     0       0          0
s5-eth2:    9210     197    0    0    0     0          0         0     9014     195    0    0    0     0       0          0
s2-eth1:    9014     195    0    0    0     0          0         0     9210     197    0    0    0     0       0          0
s6-eth2:    9014     195    0    0    0     0          0         0     9210     197    0    0    0     0       0          0
s2-eth2:    9210     197    0    0    0     0          0         0     9014     195    0    0    0     0       0          0
s7-eth1:    9014     195    0    0    0     0          0         0     9147     196    0    0    0     0       0          0
s3-eth1:    9147     196    0    0    0     0          0         0     9014     195    0    0    0     0       0          0
s8-eth1:    9014     195    0    0    0     0          0         0     9014     195    0    0    0     0       0          0
s3-eth2:    9014     195    0    0    0     0          0         0     9014     195    0    0    0     0       0          0
s7-eth2:   92386    1133    0    0    0     0          0         0     9014     195    0    0    0     0       0          0
s4-eth1:    9014     195    0    0    0     0          0         0    92386    1133    0    0    0     0       0          0
s8-eth2:    9014     195    0    0    0     0          0         0 5702683812 8547246    0    0    0     0       0          0
s4-eth2: 5702683812 8547246    0    0    0     0          0         0     9014     195    0    0    0     0       0          0
s9-eth1:    9014     195    0    0    0     0          0         0     7187     186    0    0    0     0       0          0
s5-eth3:    7187     186    0    0    0     0          0         0     9014     195    0    0    0     0       0          0
s10-eth1:    9014     195    0    0    0     0          0         0    90821    1124    0    0    0     0       0          0
s5-eth4:   90821    1124    0    0    0     0          0         0     9014     195    0    0    0     0       0          0
s9-eth2:    9014     195    0    0    0     0          0         0     6984     185    0    0    0     0       0          0
s6-eth3:    6984     185    0    0    0     0          0         0     9014     195    0    0    0     0       0          0
s10-eth2: 5726651620 8584093    0    0    0     0          0         0     9178     195    0    0    0     0       0          0
s6-eth4:    9178     195    0    0    0     0          0         0 5726651620 8584093    0    0    0     0       0          0
s9-eth3:    9014     195    0    0    0     0          0         0     9014     195    0    0    0     0       0          0
s7-eth3:    9014     195    0    0    0     0          0         0     9014     195    0    0    0     0       0          0
s10-eth3:   92484    1133    0    0    0     0          0         0     9178     195    0    0    0     0       0          0
s7-eth4:    9178     195    0    0    0     0          0         0    92484    1133    0    0    0     0       0          0
s9-eth4:    9014     195    0    0    0     0          0         0     9014     195    0    0    0     0       0          0
s8-eth3:    9014     195    0    0    0     0          0         0     9014     195    0    0    0     0       0          0
s10-eth4:    9014     195    0    0    0     0          0         0 5715881096 8568591    0    0    0     0       0          0
s8-eth4: 5715881096 8568591    0    0    0     0          0         0     9014     195    0    0    0     0       0          0
