s1-eth3: 2310212142 5816301    0    0    0     0          0         0    65899     720    0    0    0     0       0          0
s2-eth3:    1508      18    0    0    0     0          0         0     4872      34    0    0    0     0       0          0
s3-eth3:    1226      15    0    0    0     0          0         0     4676      32    0    0    0     0       0          0
s4-eth3:   62253     701    0    0    0     0          0         0 2269388222 5188036    0    0    0     0       0          0
s5-eth1:    8150     163    0    0    0     0          0         0    67546     842    0    0    0     0       0          0
s1-eth1:   67546     842    0    0    0     0          0         0     8150     163    0    0    0     0       0          0
s6-eth1: 2271652052 5215609    0    0    0     0          0         0     8150     163    0    0    0     0       0          0
s1-eth2:    8150     163    0    0    0     0          0         0 2271652052 5215609    0    0    0     0       0          0
s5-eth2:    8346     165    0    0    0     0          0         0     8150     163    0    0    0     0       0          0
s2-eth1:    8150     163    0    0    0     0          0         0     8346     165    0    0    0     0       0          0
s6-eth2:    8150     163    0    0    0     0          0         0     8346     165    0    0    0     0       0          0
s2-eth2:    8346     165    0    0    0     0          0         0     8150     163    0    0    0     0       0          0
s7-eth1:    8150     163    0    0    0     0          0         0     8283     164    0    0    0     0       0          0
s3-eth1:    8283     164    0    0    0     0          0         0     8150     163    0    0    0     0       0          0
s8-eth1:    8150     163    0    0    0     0          0         0     8150     163    0    0    0     0       0          0
s3-eth2:    8150     163    0    0    0     0          0         0     8150     163    0    0    0     0       0          0
s7-eth2:   69079     849    0    0    0     0          0         0     8150     163    0    0    0     0       0          0
s4-eth1:    8150     163    0    0    0     0          0         0    69079     849    0    0    0     0       0          0
s8-eth2:    8150     163    0    0    0     0          0         0 2269902800 5194638    0    0    0     0       0          0
s4-eth2: 2269902800 5194638    0    0    0     0          0         0     8150     163    0    0    0     0       0          0
s9-eth1:    8150     163    0    0    0     0          0         0     6323     154    0    0    0     0       0          0
s5-eth3:    6323     154    0    0    0     0          0         0     8150     163    0    0    0     0       0          0
s10-eth1:    8150     163    0    0    0     0          0         0    67482     840    0    0    0     0       0          0
s5-eth4:   67482     840    0    0    0     0          0         0     8150     163    0    0    0     0       0          0
s9-eth2:    8150     163    0    0    0     0          0         0     6120     153    0    0    0     0       0          0
s6-eth3:    6120     153    0    0    0     0          0         0     8150     163    0    0    0     0       0          0
s10-eth2: 2271111184 5209259    0    0    0     0          0         0     8282     163    0    0    0     0       0          0
s6-eth4:    8282     163    0    0    0     0          0         0 2271111184 5209259    0    0    0     0       0          0
s9-eth3:    8150     163    0    0    0     0          0         0     8150     163    0    0    0     0       0          0
s7-eth3:    8150     163    0    0    0     0          0         0     8150     163    0    0    0     0       0          0
s10-eth3:   69177     849    0    0    0     0          0         0     8282     163    0    0    0     0       0          0
s7-eth4:    8282     163    0    0    0     0          0         0    69177     849    0    0    0     0       0          0
s9-eth4:    8150     163    0    0    0     0          0         0     8150     163    0    0    0     0       0          0
s8-eth3:    8150     163    0    0    0     0          0         0     8150     163    0    0    0     0       0          0
s10-eth4:    8150     163    0    0    0     0          0         0 2270562196 5203739    0    0    0     0       0          0
s8-eth4: 2270562196 5203739    0    0    0     0          0         0     8150     163    0    0    0     0       0          0
