s1-eth3: 876470477  856123    0    0    0     0          0         0    20496     212    0    0    0     0       0          0
s2-eth3:    1282      15    0    0    0     0          0         0     4326      30    0    0    0     0       0          0
s3-eth3:    1086      13    0    0    0     0          0         0     4130      28    0    0    0     0       0          0
s4-eth3:   17236     195    0    0    0     0          0         0 876368967  856035    0    0    0     0       0          0
s5-eth1:    5363      76    0    0    0     0          0         0    21799     261    0    0    0     0       0          0
s1-eth1:   21799     261    0    0    0     0          0         0     5363      76    0    0    0     0       0          0
s6-eth1: 876474844  856187    0    0    0     0          0         0     3942      69    0    0    0     0       0          0
s1-eth2:    3942      69    0    0    0     0          0         0 876474844  856187    0    0    0     0       0          0
s5-eth2:    5629      79    0    0    0     0          0         0     3739      68    0    0    0     0       0          0
s2-eth1:    3739      68    0    0    0     0          0         0     5629      79    0    0    0     0       0          0
s6-eth2:    5363      76    0    0    0     0          0         0     5559      78    0    0    0     0       0          0
s2-eth2:    5559      78    0    0    0     0          0         0     5363      76    0    0    0     0       0          0
s7-eth1:    5363      76    0    0    0     0          0         0     3942      69    0    0    0     0       0          0
s3-eth1:    3942      69    0    0    0     0          0         0     5363      76    0    0    0     0       0          0
s8-eth1:    5363      76    0    0    0     0          0         0     5363      76    0    0    0     0       0          0
s3-eth2:    5363      76    0    0    0     0          0         0     5363      76    0    0    0     0       0          0
s7-eth2:   21533     258    0    0    0     0          0         0     5433      77    0    0    0     0       0          0
s4-eth1:    5433      77    0    0    0     0          0         0    21533     258    0    0    0     0       0          0
s8-eth2:    5566      78    0    0    0     0          0         0 876421400  856133    0    0    0     0       0          0
s4-eth2: 876421400  856133    0    0    0     0          0         0     5566      78    0    0    0     0       0          0
s9-eth1:    5363      76    0    0    0     0          0         0     5496      77    0    0    0     0       0          0
s5-eth3:    5496      77    0    0    0     0          0         0     5363      76    0    0    0     0       0          0
s10-eth1:    5433      77    0    0    0     0          0         0    21582     258    0    0    0     0       0          0
s5-eth4:   21582     258    0    0    0     0          0         0     5433      77    0    0    0     0       0          0
s9-eth2:    5433      77    0    0    0     0          0         0     3739      68    0    0    0     0       0          0
s6-eth3:    3739      68    0    0    0     0          0         0     5433      77    0    0    0     0       0          0
s10-eth2: 876464081  856170    0    0    0     0          0         0     5482      77    0    0    0     0       0          0
s6-eth4:    5482      77    0    0    0     0          0         0 876464081  856170    0    0    0     0       0          0
s9-eth3:    5433      77    0    0    0     0          0         0     5293      76    0    0    0     0       0          0
s7-eth3:    5293      76    0    0    0     0          0         0     5433      77    0    0    0     0       0          0
s10-eth3:   21603     259    0    0    0     0          0         0     4011      69    0    0    0     0       0          0
s7-eth4:    4011      69    0    0    0     0          0         0    21603     259    0    0    0     0       0          0
s9-eth4:    5433      77    0    0    0     0          0         0     5363      76    0    0    0     0       0          0
s8-eth3:    5363      76    0    0    0     0          0         0     5433      77    0    0    0     0       0          0
s10-eth4:    5433      77    0    0    0     0          0         0 876454217  856165    0    0    0     0       0          0
s8-eth4: 876454217  856165    0    0    0     0          0         0     5433      77    0    0    0     0       0          0
