cpu  25520123 6073 5333949 254677002 594460 0 230266 0 97381 0
cpu0 2461853 943 465157 17330355 50775 0 18432 0 14898 0
cpu1 1805293 437 261691 18355641 29556 0 15338 0 9386 0
cpu2 2600442 989 515439 17192447 55391 0 14653 0 16005 0
cpu3 1891945 736 250114 18381362 23557 0 12326 0 7986 0
cpu4 2098773 320 548122 17683210 60040 0 17649 0 7108 0
cpu5 1948045 283 491218 17897977 62151 0 17765 0 6214 0
cpu6 1820947 330 442579 18092778 57077 0 16262 0 5094 0
cpu7 1762264 413 413883 18195663 56131 0 16511 0 4610 0
cpu8 1773592 396 407605 18221896 47826 0 15883 0 5010 0
cpu9 1768503 284 393837 18243361 49120 0 15711 0 4989 0
cpu10 1761855 289 372123 18264331 45972 0 30090 0 6025 0
cpu11 1788924 338 362650 18258982 45454 0 15216 0 5338 0
cpu12 1037141 171 204149 19298496 5812 0 12174 0 2240 0
cpu13 1000540 136 205376 19260498 5592 0 12250 0 2473 0
procs_running 3
procs_blocked 0
MemTotal:       15782176 kB
MemAvailable:    3349344 kB
SwapTotal:      20971512 kB
SwapFree:       10762004 kB
pgsteal_direct 1509607
pgscan_direct 2261504
