cpu  25529416 6073 5337742 254705622 594583 0 232164 0 97936 0
cpu0 2462573 943 465377 17332397 50784 0 18535 0 14958 0
cpu1 1806063 437 261850 18357827 29562 0 15354 0 9442 0
cpu2 2601165 989 515634 17194552 55401 0 14749 0 16033 0
cpu3 1893235 736 250228 18383109 23562 0 12336 0 8113 0
cpu4 2099503 320 548500 17685071 60055 0 17774 0 7128 0
cpu5 1948797 283 491555 17899854 62164 0 17922 0 6248 0
cpu6 1821631 330 442919 18094788 57090 0 16330 0 5132 0
cpu7 1762872 413 414200 18197632 56140 0 16722 0 4635 0
cpu8 1774281 396 408094 18223697 47836 0 16000 0 5046 0
cpu9 1769118 284 394174 18245100 49131 0 16141 0 5007 0
cpu10 1762564 289 372505 18266161 45983 0 30284 0 6103 0
cpu11 1789539 338 363040 18260758 45464 0 15563 0 5367 0
cpu12 1037331 171 204211 19301377 5812 0 12184 0 2241 0
cpu13 1000737 136 205449 19263293 5593 0 12263 0 2478 0
procs_running 4
procs_blocked 0
MemTotal:       15782176 kB
MemAvailable:    1788084 kB
SwapTotal:      20971512 kB
SwapFree:       10411256 kB
pgsteal_direct 1544480
pgscan_direct 2435073
