s1-eth3: 22961563195 32506927    0    0    0     0          0         0 53040631638 35043457    0    0    0     0       0          0
s1-eth4: 53469454317 35316794    0    0    0     0          0         0 1158278437 17375522    0    0    0     0       0          0
s1-eth5:    1982      25    0    0    0     0          0         0     8964      56    0    0    0     0       0          0
s1-eth6:    1982      25    0    0    0     0          0         0     9069      57    0    0    0     0       0          0
s1-eth7:    1982      25    0    0    0     0          0         0     8964      56    0    0    0     0       0          0
s1-eth8:    1982      25    0    0    0     0          0         0     8964      56    0    0    0     0       0          0
s1-eth9:    1982      25    0    0    0     0          0         0     8964      56    0    0    0     0       0          0
s1-eth10:    1982      25    0    0    0     0          0         0     8964      56    0    0    0     0       0          0
s1-eth11:    1982      25    0    0    0     0          0         0     8964      56    0    0    0     0       0          0
s1-eth12:    1982      25    0    0    0     0          0         0     8964      56    0    0    0     0       0          0
s1-eth13:    1982      25    0    0    0     0          0         0     8964      56    0    0    0     0       0          0
s1-eth14:    1982      25    0    0    0     0          0         0     8964      56    0    0    0     0       0          0
s1-eth15:    1982      25    0    0    0     0          0         0     8964      56    0    0    0     0       0          0
s1-eth16:    1982      25    0    0    0     0          0         0     8964      56    0    0    0     0       0          0
s1-eth17:    1982      25    0    0    0     0          0         0     8964      56    0    0    0     0       0          0
s1-eth18:    1982      25    0    0    0     0          0         0     8964      56    0    0    0     0       0          0
s1-eth19:    1982      25    0    0    0     0          0         0     8964      56    0    0    0     0       0          0
s1-eth20:    1982      25    0    0    0     0          0         0     8964      56    0    0    0     0       0          0
s1-eth21:    1982      25    0    0    0     0          0         0     9069      57    0    0    0     0       0          0
s1-eth22:    1982      25    0    0    0     0          0         0     8964      56    0    0    0     0       0          0
s1-eth23:    1982      25    0    0    0     0          0         0     8964      56    0    0    0     0       0          0
s1-eth24:    1982      25    0    0    0     0          0         0     8964      56    0    0    0     0       0          0
s1-eth25:    1982      25    0    0    0     0          0         0     8964      56    0    0    0     0       0          0
s1-eth26:    1982      25    0    0    0     0          0         0     8964      56    0    0    0     0       0          0
s1-eth27:    1982      25    0    0    0     0          0         0     8964      56    0    0    0     0       0          0
s1-eth28:    1982      25    0    0    0     0          0         0     8964      56    0    0    0     0       0          0
s1-eth29:    1982      25    0    0    0     0          0         0     8964      56    0    0    0     0       0          0
s1-eth30:    1982      25    0    0    0     0          0         0     8964      56    0    0    0     0       0          0
s1-eth31:    1982      25    0    0    0     0          0         0     8964      56    0    0    0     0       0          0
s1-eth32:    1982      25    0    0    0     0          0         0     8964      56    0    0    0     0       0          0
s1-eth33:    1982      25    0    0    0     0          0         0     8964      56    0    0    0     0       0          0
s1-eth34:    1982      25    0    0    0     0          0         0     8964      56    0    0    0     0       0          0
s3-eth3:  917003   10508    0    0    0     0          0         0 12072542424 8382694    0    0    0     0       0          0
s3-eth4:    1982      25    0    0    0     0          0         0     8964      56    0    0    0     0       0          0
s3-eth5:    1982      25    0    0    0     0          0         0     8964      56    0    0    0     0       0          0
s3-eth6:    1982      25    0    0    0     0          0         0     8964      56    0    0    0     0       0          0
s3-eth7:    1982      25    0    0    0     0          0         0     9054      57    0    0    0     0       0          0
s3-eth8:    1982      25    0    0    0     0          0         0     8964      56    0    0    0     0       0          0
s3-eth9:    2052      26    0    0    0     0          0         0     8964      56    0    0    0     0       0          0
s3-eth10:    2052      26    0    0    0     0          0         0     8964      56    0    0    0     0       0          0
s3-eth11:    1982      25    0    0    0     0          0         0     8964      56    0    0    0     0       0          0
s3-eth12:    1982      25    0    0    0     0          0         0     8964      56    0    0    0     0       0          0
s3-eth13:    1982      25    0    0    0     0          0         0     8964      56    0    0    0     0       0          0
s3-eth14:    1982      25    0    0    0     0          0         0     8964      56    0    0    0     0       0          0
s3-eth15:    1982      25    0    0    0     0          0         0     8964      56    0    0    0     0       0          0
s3-eth16:    1982      25    0    0    0     0          0         0     8964      56    0    0    0     0       0          0
s3-eth17:    1982      25    0    0    0     0          0         0     8964      56    0    0    0     0       0          0
s3-eth18:    1982      25    0    0    0     0          0         0     8964      56    0    0    0     0       0          0
s3-eth19:    1982      25    0    0    0     0          0         0     8964      56    0    0    0     0       0          0
s3-eth20:    1982      25    0    0    0     0          0         0     8964      56    0    0    0     0       0          0
s3-eth21:    1982      25    0    0    0     0          0         0     8874      55    0    0    0     0       0          0
s3-eth22:    1982      25    0    0    0     0          0         0     8964      56    0    0    0     0       0          0
s3-eth23:    1982      25    0    0    0     0          0         0     8964      56    0    0    0     0       0          0
s3-eth24:    1982      25    0    0    0     0          0         0     8964      56    0    0    0     0       0          0
s3-eth25:    1982      25    0    0    0     0          0         0     8964      56    0    0    0     0       0          0
s3-eth26:    1982      25    0    0    0     0          0         0     8964      56    0    0    0     0       0          0
s3-eth27:    1892      24    0    0    0     0          0         0     8964      56    0    0    0     0       0          0
s3-eth28:    1982      25    0    0    0     0          0         0     8964      56    0    0    0     0       0          0
s3-eth29:    1982      25    0    0    0     0          0         0     8964      56    0    0    0     0       0          0
s3-eth30:    1982      25    0    0    0     0          0         0     8964      56    0    0    0     0       0          0
s3-eth31:    1982      25    0    0    0     0          0         0     8964      56    0    0    0     0       0          0
s3-eth32:    1982      25    0    0    0     0          0         0     8964      56    0    0    0     0       0          0
s3-eth33:    1982      25    0    0    0     0          0         0     8964      56    0    0    0     0       0          0
s3-eth34:    1982      25    0    0    0     0          0         0     8964      56    0    0    0     0       0          0
s1-eth1: 1021667   14163    0    0    0     0          0         0 13598049570 9444509    0    0    0     0       0          0
s1-eth2:  106751    3681    0    0    0     0          0         0   106779    3681    0    0    0     0       0          0
s3-eth1: 12294087162 8539921    0    0    0     0          0         0  1021667   14163    0    0    0     0       0          0
s3-eth2:  106646    3680    0    0    0     0          0         0   106646    3680    0    0    0     0       0          0
