cpu  25638936 6095 5374350 255236628 598984 0 233308 0 105485 0
cpu0 2473759 943 468055 17366230 51114 0 18627 0 16046 0
cpu1 1812915 440 263592 18397691 29734 0 15441 0 10047 0
cpu2 2613989 992 518557 17226997 55710 0 14785 0 17002 0
cpu3 1900029 738 251943 18423582 23724 0 12383 0 8624 0
cpu4 2108906 323 551896 17720509 60524 0 17893 0 7707 0
cpu5 1957452 284 494720 17936339 62601 0 18008 0 6829 0
cpu6 1829709 331 445804 18132107 57517 0 16412 0 5627 0
cpu7 1770568 415 417079 18235333 56528 0 16853 0 5082 0
cpu8 1782980 399 411617 18259932 48173 0 16067 0 5610 0
cpu9 1777519 288 397594 18281655 49534 0 16215 0 5590 0
cpu10 1771142 290 375520 18302847 46328 0 30482 0 6549 0
cpu11 1797927 340 366784 18297197 45721 0 15638 0 5926 0
cpu12 1039429 171 204970 19347342 6007 0 12195 0 2314 0
cpu13 1002607 136 206213 19308859 5763 0 12304 0 2526 0
procs_running 3
procs_blocked 0
MemTotal:       15782176 kB
MemAvailable:    6562688 kB
SwapTotal:      20971512 kB
SwapFree:       11115080 kB
pgsteal_direct 1556032
pgscan_direct 2458861
