cpu  25648964 6096 5421321 255237608 599001 0 251616 0 105493 0
cpu0 2474563 943 471082 17366312 51115 0 20159 0 16046 0
cpu1 1813600 440 266618 18397766 29735 0 17101 0 10047 0
cpu2 2614742 992 521656 17227069 55711 0 16309 0 17003 0
cpu3 1900815 738 255013 18423636 23725 0 13928 0 8628 0
cpu4 2109790 323 555347 17720573 60525 0 18942 0 7707 0
cpu5 1958171 284 498210 17936380 62602 0 19213 0 6829 0
cpu6 1830460 331 449279 18132164 57517 0 17578 0 5627 0
cpu7 1771403 415 420544 18235368 56534 0 17966 0 5082 0
cpu8 1783817 399 414970 18260026 48174 0 17221 0 5611 0
cpu9 1778290 288 401018 18281720 49534 0 17408 0 5590 0
cpu10 1771859 290 379009 18302908 46329 0 31662 0 6550 0
cpu11 1798842 340 370097 18297258 45724 0 16796 0 5927 0
cpu12 1039726 171 208618 19347451 6008 0 13595 0 2314 0
cpu13 1002880 136 209855 19308969 5763 0 13732 0 2526 0
procs_running 2
procs_blocked 0
MemTotal:       15782176 kB
MemAvailable:    2388360 kB
SwapTotal:      20971512 kB
SwapFree:       10496552 kB
pgsteal_direct 1584485
pgscan_direct 2518931
