s1-eth3: 2113627614 5624308    0    0    0     0          0         0    63303     692    0    0    0     0       0          0
s2-eth3:    1422      17    0    0    0     0          0         0     4872      34    0    0    0     0       0          0
s3-eth3:    1136      14    0    0    0     0          0         0     4676      32    0    0    0     0       0          0
s4-eth3:   59567     672    0    0    0     0          0         0 2072114380 4986964    0    0    0     0       0          0
s5-eth1:    8042     159    0    0    0     0          0         0    66669     819    0    0    0     0       0          0
s1-eth1:   66669     819    0    0    0     0          0         0     8042     159    0    0    0     0       0          0
s6-eth1: 2074985854 5022173    0    0    0     0          0         0     8042     159    0    0    0     0       0          0
s1-eth2:    8042     159    0    0    0     0          0         0 2074985854 5022173    0    0    0     0       0          0
s5-eth2:    8238     161    0    0    0     0          0         0     8042     159    0    0    0     0       0          0
s2-eth1:    8042     159    0    0    0     0          0         0     8238     161    0    0    0     0       0          0
s6-eth2:    8042     159    0    0    0     0          0         0     8238     161    0    0    0     0       0          0
s2-eth2:    8238     161    0    0    0     0          0         0     8042     159    0    0    0     0       0          0
s7-eth1:    8042     159    0    0    0     0          0         0     8042     159    0    0    0     0       0          0
s3-eth1:    8042     159    0    0    0     0          0         0     8042     159    0    0    0     0       0          0
s8-eth1:    8042     159    0    0    0     0          0         0     8042     159    0    0    0     0       0          0
s3-eth2:    8042     159    0    0    0     0          0         0     8042     159    0    0    0     0       0          0
s7-eth2:   66473     817    0    0    0     0          0         0     6215     150    0    0    0     0       0          0
s4-eth1:    6215     150    0    0    0     0          0         0    66473     817    0    0    0     0       0          0
s8-eth2:    8042     159    0    0    0     0          0         0 2072946234 4997220    0    0    0     0       0          0
s4-eth2: 2072946234 4997220    0    0    0     0          0         0     8042     159    0    0    0     0       0          0
s9-eth1:    8042     159    0    0    0     0          0         0     8042     159    0    0    0     0       0          0
s5-eth3:    8042     159    0    0    0     0          0         0     8042     159    0    0    0     0       0          0
s10-eth1:    8042     159    0    0    0     0          0         0    66601     817    0    0    0     0       0          0
s5-eth4:   66601     817    0    0    0     0          0         0     8042     159    0    0    0     0       0          0
s9-eth2:    8042     159    0    0    0     0          0         0     8042     159    0    0    0     0       0          0
s6-eth3:    8042     159    0    0    0     0          0         0     8042     159    0    0    0     0       0          0
s10-eth2: 2074410559 5014579    0    0    0     0          0         0     8170     159    0    0    0     0       0          0
s6-eth4:    8170     159    0    0    0     0          0         0 2074410559 5014579    0    0    0     0       0          0
s9-eth3:    8042     159    0    0    0     0          0         0     8042     159    0    0    0     0       0          0
s7-eth3:    8042     159    0    0    0     0          0         0     8042     159    0    0    0     0       0          0
s10-eth3:   66375     817    0    0    0     0          0         0     8170     159    0    0    0     0       0          0
s7-eth4:    8170     159    0    0    0     0          0         0    66375     817    0    0    0     0       0          0
s9-eth4:    8042     159    0    0    0     0          0         0     8042     159    0    0    0     0       0          0
s8-eth3:    8042     159    0    0    0     0          0         0     8042     159    0    0    0     0       0          0
s10-eth4:    8042     159    0    0    0     0          0         0 2073778106 5007726    0    0    0     0       0          0
s8-eth4: 2073778106 5007726    0    0    0     0          0         0     8042     159    0    0    0     0       0          0
