s1-eth3: 6176467389 9592171    0    0    0     0          0         0    85981     945    0    0    0     0       0          0
s2-eth3:    1422      17    0    0    0     0          0         0     5079      35    0    0    0     0       0          0
s3-eth3:    1136      14    0    0    0     0          0         0     4883      33    0    0    0     0       0          0
s4-eth3:   82038     924    0    0    0     0          0         0 5467703674 8303216    0    0    0     0       0          0
s5-eth1:    9140     193    0    0    0     0          0         0    90238    1105    0    0    0     0       0          0
s1-eth1:   90238    1105    0    0    0     0          0         0     9140     193    0    0    0     0       0          0
s6-eth1: 5532738983 8399164    0    0    0     0          0         0     9140     193    0    0    0     0       0          0
s1-eth2:    9140     193    0    0    0     0          0         0 5532738983 8399164    0    0    0     0       0          0
s5-eth2:    9336     195    0    0    0     0          0         0     9140     193    0    0    0     0       0          0
s2-eth1:    9140     193    0    0    0     0          0         0     9336     195    0    0    0     0       0          0
s6-eth2:    9140     193    0    0    0     0          0         0     9336     195    0    0    0     0       0          0
s2-eth2:    9336     195    0    0    0     0          0         0     9140     193    0    0    0     0       0          0
s7-eth1:    9140     193    0    0    0     0          0         0     9140     193    0    0    0     0       0          0
s3-eth1:    9140     193    0    0    0     0          0         0     9140     193    0    0    0     0       0          0
s8-eth1:    9140     193    0    0    0     0          0         0     9140     193    0    0    0     0       0          0
s3-eth2:    9140     193    0    0    0     0          0         0     9140     193    0    0    0     0       0          0
s7-eth2:   90042    1103    0    0    0     0          0         0     7313     184    0    0    0     0       0          0
s4-eth1:    7313     184    0    0    0     0          0         0    90042    1103    0    0    0     0       0          0
s8-eth2:    9140     193    0    0    0     0          0         0 5482112611 8326763    0    0    0     0       0          0
s4-eth2: 5482112611 8326763    0    0    0     0          0         0     9140     193    0    0    0     0       0          0
s9-eth1:    9140     193    0    0    0     0          0         0     9140     193    0    0    0     0       0          0
s5-eth3:    9140     193    0    0    0     0          0         0     9140     193    0    0    0     0       0          0
s10-eth1:    9140     193    0    0    0     0          0         0    90203    1103    0    0    0     0       0          0
s5-eth4:   90203    1103    0    0    0     0          0         0     9140     193    0    0    0     0       0          0
s9-eth2:    9140     193    0    0    0     0          0         0     9140     193    0    0    0     0       0          0
s6-eth3:    9140     193    0    0    0     0          0         0     9140     193    0    0    0     0       0          0
s10-eth2: 5514483304 8374304    0    0    0     0          0         0     9301     193    0    0    0     0       0          0
s6-eth4:    9301     193    0    0    0     0          0         0 5514483304 8374304    0    0    0     0       0          0
s9-eth3:    9140     193    0    0    0     0          0         0     9140     193    0    0    0     0       0          0
s7-eth3:    9140     193    0    0    0     0          0         0     9140     193    0    0    0     0       0          0
s10-eth3:   89944    1103    0    0    0     0          0         0     9301     193    0    0    0     0       0          0
s7-eth4:    9301     193    0    0    0     0          0         0    89944    1103    0    0    0     0       0          0
s9-eth4:    9140     193    0    0    0     0          0         0     9140     193    0    0    0     0       0          0
s8-eth3:    9140     193    0    0    0     0          0         0     9140     193    0    0    0     0       0          0
s10-eth4:    9140     193    0    0    0     0          0         0 5500061700 8353985    0    0    0     0       0          0
s8-eth4: 5500061700 8353985    0    0    0     0          0         0     9140     193    0    0    0     0       0          0
