s1-eth3:    1212      14    0    0    0     0          0         0      196       2    0    0    0     0       0          0
s2-eth3:    1122      13    0    0    0     0          0         0      196       2    0    0    0     0       0          0
s3-eth3:    1016      12    0    0    0     0          0         0        0       0    0    0    0     0       0          0
s4-eth3:    1012      12    0    0    0     0          0         0        0       0    0    0    0     0       0          0
s5-eth1:     405      15    0   15    0     0          0         0      601      17    0    0    0     0       0          0
s1-eth1:     601      17    0   15    0     0          0         0      405      15    0    0    0     0       0          0
s6-eth1:     601      17    0   15    0     0          0         0      405      15    0    0    0     0       0          0
s1-eth2:     405      15    0   15    0     0          0         0      601      17    0    0    0     0       0          0
s5-eth2:     601      17    0   15    0     0          0         0      405      15    0    0    0     0       0          0
s2-eth1:     405      15    0   15    0     0          0         0      601      17    0    0    0     0       0          0
s6-eth2:     405      15    0   15    0     0          0         0      601      17    0    0    0     0       0          0
s2-eth2:     601      17    0   15    0     0          0         0      405      15    0    0    0     0       0          0
s7-eth1:     405      15    0   15    0     0          0         0      405      15    0    0    0     0       0          0
s3-eth1:     405      15    0   15    0     0          0         0      405      15    0    0    0     0       0          0
s8-eth1:     405      15    0   15    0     0          0         0      405      15    0    0    0     0       0          0
s3-eth2:     405      15    0   15    0     0          0         0      405      15    0    0    0     0       0          0
s7-eth2:     405      15    0   15    0     0          0         0      405      15    0    0    0     0       0          0
s4-eth1:     405      15    0   15    0     0          0         0      405      15    0    0    0     0       0          0
s8-eth2:     405      15    0   15    0     0          0         0      405      15    0    0    0     0       0          0
s4-eth2:     405      15    0   15    0     0          0         0      405      15    0    0    0     0       0          0
s9-eth1:     405      15    0   15    0     0          0         0      405      15    0    0    0     0       0          0
s5-eth3:     405      15    0   15    0     0          0         0      405      15    0    0    0     0       0          0
s10-eth1:     405      15    0   15    0     0          0         0      420      15    0    0    0     0       0          0
s5-eth4:     420      15    0   15    0     0          0         0      405      15    0    0    0     0       0          0
s9-eth2:     405      15    0   15    0     0          0         0      405      15    0    0    0     0       0          0
s6-eth3:     405      15    0   15    0     0          0         0      405      15    0    0    0     0       0          0
s10-eth2:     405      15    0   15    0     0          0         0      420      15    0    0    0     0       0          0
s6-eth4:     420      15    0   15    0     0          0         0      405      15    0    0    0     0       0          0
s9-eth3:     405      15    0   15    0     0          0         0      405      15    0    0    0     0       0          0
s7-eth3:     405      15    0   15    0     0          0         0      405      15    0    0    0     0       0          0
s10-eth3:     405      15    0   15    0     0          0         0      420      15    0    0    0     0       0          0
s7-eth4:     420      15    0   15    0     0          0         0      405      15    0    0    0     0       0          0
s9-eth4:     405      15    0   15    0     0          0         0      405      15    0    0    0     0       0          0
s8-eth3:     405      15    0   15    0     0          0         0      405      15    0    0    0     0       0          0
s10-eth4:     405      15    0   15    0     0          0         0      420      15    0    0    0     0       0          0
s8-eth4:     420      15    0   15    0     0          0         0      405      15    0    0    0     0       0          0
