s1-eth3: 3456706165 3375955    0    0    0     0          0         0    22617     254    0    0    0     0       0          0
s2-eth3:    1192      14    0    0    0     0          0         0      196       2    0    0    0     0       0          0
s3-eth3:    1086      13    0    0    0     0          0         0        0       0    0    0    0     0       0          0
s4-eth3:   23503     265    0    0    0     0          0         0 2740936051 2676947    0    0    0     0       0          0
s5-eth1:    1296      48    0   48    0     0          0         0    23913     302    0    0    0     0       0          0
s1-eth1:   23913     302    0   48    0     0          0         0     1296      48    0    0    0     0       0          0
s6-eth1: 2863663943 2796847    0   48    0     0          0         0     1296      48    0    0    0     0       0          0
s1-eth2:    1296      48    0   48    0     0          0         0 2863663943 2796847    0    0    0     0       0          0
s5-eth2:    1492      50    0   48    0     0          0         0     1296      48    0    0    0     0       0          0
s2-eth1:    1296      48    0   48    0     0          0         0     1492      50    0    0    0     0       0          0
s6-eth2:    1296      48    0   48    0     0          0         0     1492      50    0    0    0     0       0          0
s2-eth2:    1492      50    0   48    0     0          0         0     1296      48    0    0    0     0       0          0
s7-eth1:    1296      48    0   48    0     0          0         0     1296      48    0    0    0     0       0          0
s3-eth1:    1296      48    0   48    0     0          0         0     1296      48    0    0    0     0       0          0
s8-eth1:    1296      48    0   48    0     0          0         0     1296      48    0    0    0     0       0          0
s3-eth2:    1296      48    0   48    0     0          0         0     1296      48    0    0    0     0       0          0
s7-eth2:   23717     300    0   48    0     0          0         0     1296      48    0    0    0     0       0          0
s4-eth1:    1296      48    0   48    0     0          0         0    23717     300    0    0    0     0       0          0
s8-eth2:    1296      48    0   48    0     0          0         0 2767482499 2702918    0    0    0     0       0          0
s4-eth2: 2767482499 2702918    0   48    0     0          0         0     1296      48    0    0    0     0       0          0
s9-eth1:    1296      48    0   48    0     0          0         0     1296      48    0    0    0     0       0          0
s5-eth3:    1296      48    0   48    0     0          0         0     1296      48    0    0    0     0       0          0
s10-eth1:    1296      48    0   48    0     0          0         0    23765     300    0    0    0     0       0          0
s5-eth4:   23765     300    0   48    0     0          0         0     1296      48    0    0    0     0       0          0
s9-eth2:    1296      48    0   48    0     0          0         0     1296      48    0    0    0     0       0          0
s6-eth3:    1296      48    0   48    0     0          0         0     1296      48    0    0    0     0       0          0
s10-eth2: 2831437443 2765374    0   48    0     0          0         0     1344      48    0    0    0     0       0          0
s6-eth4:    1344      48    0   48    0     0          0         0 2831437443 2765374    0    0    0     0       0          0
s9-eth3:    1296      48    0   48    0     0          0         0     1296      48    0    0    0     0       0          0
s7-eth3:    1296      48    0   48    0     0          0         0     1296      48    0    0    0     0       0          0
s10-eth3:   23717     300    0   48    0     0          0         0     1344      48    0    0    0     0       0          0
s7-eth4:    1344      48    0   48    0     0          0         0    23717     300    0    0    0     0       0          0
s9-eth4:    1296      48    0   48    0     0          0         0     1296      48    0    0    0     0       0          0
s8-eth3:    1296      48    0   48    0     0          0         0     1296      48    0    0    0     0       0          0
s10-eth4:    1296      48    0   48    0     0          0         0 2799755955 2734435    0    0    0     0       0          0
s8-eth4: 2799755955 2734435    0   48    0     0          0         0     1296      48    0    0    0     0       0          0
